30604252415273525 30604252415273527 30604252415273705 30604252415273707 30604252415273725 30604252415273727 30604252417051505 30604252417051507 30604252417051525 30604252417051527 30604252417051705 30604252417051707 30604252417051725 30604252417051727 30604252417053505 30604252417053507 30604252417053525 30604252417053527 30604252417053705 30604252417053707 
30604252415273534 30604252415273536 30604252415273714 30604252415273716 30604252415273734 30604252415273736 30604252417051514 30604252417051516 30604252417051534 30604252417051536 30604252417051714 30604252417051716 30604252417051734 30604252417051736 30604252417053514 30604252417053516 30604252417053534 30604252417053536 30604252417053714 30604252417053716 
30604252415273535 30604252415273537 30604252415273715 30604252415273717 30604252415273735 30604252415273737 30604252417051515 30604252417051517 30604252417051535 30604252417051537 30604252417051715 30604252417051717 30604252417051735 30604252417051737 30604252417053515 30604252417053517 30604252417053535 30604252417053537 30604252417053715 30604252417053717 
30604252415362424 30604252415362426 30604252415362604 30604252415362606 30604252415362624 30604252415362626 30604252417140404 30604252417140406 30604252417140424 30604252417140426 30604252417140604 30604252417140606 30604252417140624 30604252417140626 30604252417142404 30604252417142406 30604252417142424 30604252417142426 30604252417142604 30604252417142606 
30604252415362425 30604252415362427 30604252415362605 30604252415362607 30604252415362625 30604252415362627 30604252417140405 30604252417140407 30604252417140425 30604252417140427 30604252417140605 30604252417140607 30604252417140625 30604252417140627 30604252417142405 30604252417142407 30604252417142425 30604252417142427 30604252417142605 30604252417142607 
30604252415362434 30604252415362436 30604252415362614 30604252415362616 30604252415362634 30604252415362636 30604252417140414 30604252417140416 30604252417140434 30604252417140436 30604252417140614 30604252417140616 30604252417140634 30604252417140636 30604252417142414 30604252417142416 30604252417142434 30604252417142436 30604252417142614 30604252417142616 
30604252415362435 30604252415362437 30604252415362615 30604252415362617 30604252415362635 30604252415362637 30604252417140415 30604252417140417 30604252417140435 30604252417140437 30604252417140615 30604252417140617 30604252417140635 30604252417140637 30604252417142415 30604252417142417 30604252417142435 30604252417142437 30604252417142615 30604252417142617 
30604252415362524 30604252415362526 30604252415362704 30604252415362706 30604252415362724 30604252415362726 30604252417140504 30604252417140506 30604252417140524 30604252417140526 30604252417140704 30604252417140706 30604252417140724 30604252417140726 30604252417142504 30604252417142506 30604252417142524 30604252417142526 30604252417142704 30604252417142706 
30604252415362525 30604252415362527 30604252415362705 30604252415362707 30604252415362725 30604252415362727 30604252417140505 30604252417140507 30604252417140525 30604252417140527 30604252417140705 30604252417140707 30604252417140725 30604252417140727 30604252417142505 30604252417142507 30604252417142525 30604252417142527 30604252417142705 30604252417142707 
30604252415362534 30604252415362536 30604252415362714 30604252415362716 30604252415362734 30604252415362736 30604252417140514 30604252417140516 30604252417140534 30604252417140536 30604252417140714 30604252417140716 30604252417140734 30604252417140736 30604252417142514 30604252417142516 30604252417142534 30604252417142536 30604252417142714 30604252417142716 
30604252415362535 30604252415362537 30604252415362715 30604252415362717 30604252415362735 30604252415362737 30604252417140515 30604252417140517 30604252417140535 30604252417140537 30604252417140715 30604252417140717 30604252417140735 30604252417140737 30604252417142515 30604252417142517 30604252417142535 30604252417142537 30604252417142715 30604252417142717 
30604252415363424 30604252415363426 30604252415363604 30604252415363606 30604252415363624 30604252415363626 30604252417141404 30604252417141406 30604252417141424 30604252417141426 30604252417141604 30604252417141606 30604252417141624 30604252417141626 30604252417143404 30604252417143406 30604252417143424 30604252417143426 30604252417143604 30604252417143606 
30604252415363425 30604252415363427 30604252415363605 30604252415363607 30604252415363625 30604252415363627 30604252417141405 30604252417141407 30604252417141425 30604252417141427 30604252417141605 30604252417141607 30604252417141625 30604252417141627 30604252417143405 30604252417143407 30604252417143425 30604252417143427 30604252417143605 30604252417143607 
30604252415363434 30604252415363436 30604252415363614 30604252415363616 30604252415363634 30604252415363636 30604252417141414 30604252417141416 30604252417141434 30604252417141436 30604252417141614 30604252417141616 30604252417141634 30604252417141636 30604252417143414 30604252417143416 30604252417143434 30604252417143436 30604252417143614 30604252417143616 
30604252415363435 30604252415363437 30604252415363615 30604252415363617 30604252415363635 30604252415363637 30604252417141415 30604252417141417 30604252417141435 30604252417141437 30604252417141615 30604252417141617 30604252417141635 30604252417141637 30604252417143415 30604252417143417 30604252417143435 30604252417143437 30604252417143615 30604252417143617 
30604252415363524 30604252415363526 30604252415363704 30604252415363706 30604252415363724 30604252415363726 30604252417141504 30604252417141506 30604252417141524 30604252417141526 30604252417141704 30604252417141706 30604252417141724 30604252417141726 30604252417143504 30604252417143506 30604252417143524 30604252417143526 30604252417143704 30604252417143706 
30604252415363525 30604252415363527 30604252415363705 30604252415363707 30604252415363725 30604252415363727 30604252417141505 30604252417141507 30604252417141525 30604252417141527 30604252417141705 30604252417141707 30604252417141725 30604252417141727 30604252417143505 30604252417143507 30604252417143525 30604252417143527 30604252417143705 30604252417143707 
30604252415363534 30604252415363536 30604252415363714 30604252415363716 30604252415363734 30604252415363736 30604252417141514 30604252417141516 30604252417141534 30604252417141536 30604252417141714 30604252417141716 30604252417141734 30604252417141736 30604252417143514 30604252417143516 30604252417143534 30604252417143536 30604252417143714 30604252417143716 
30604252415363535 30604252415363537 30604252415363715 30604252415363717 30604252415363735 30604252415363737 30604252417141515 30604252417141517 30604252417141535 30604252417141537 30604252417141715 30604252417141717 30604252417141735 30604252417141737 30604252417143515 30604252417143517 30604252417143535 30604252417143537 30604252417143715 30604252417143717 
