[  228][  0][228]=30604241605050405
[  229][  0][229]=30604241605050407
[  230][  0][230]=30604241605050425
[  231][  0][231]=30604241605050427
[  232][  0][232]=30604241605050605
[  233][  0][233]=30604241605050607
[  234][  0][234]=30604241605050625
[  235][  0][235]=30604241605050627
[  236][  0][236]=30604241605052405
[  237][  0][237]=30604241605052407
[  238][  0][238]=30604241605052425
[  239][  0][239]=30604241605052427
[  240][  0][240]=30604241605052605
[  241][  0][241]=30604241605052607
[  242][  0][242]=30604241605052625
[  243][  0][243]=30604241605052627
[  244][  0][244]=30604241605070405
[  245][  0][245]=30604241605070407
[  246][  0][246]=30604241605070425
[  247][  0][247]=30604241605070427
[  248][  0][248]=30604241605070605
[  249][  0][249]=30604241605070607
[ 1429][  1][228]=30604241605050414
[ 1430][  1][229]=30604241605050416
[ 1431][  1][230]=30604241605050434
[ 1432][  1][231]=30604241605050436
[ 1433][  1][232]=30604241605050614
[ 1434][  1][233]=30604241605050616
[ 1435][  1][234]=30604241605050634
[ 1436][  1][235]=30604241605050636
[ 1437][  1][236]=30604241605052414
[ 1438][  1][237]=30604241605052416
[ 1439][  1][238]=30604241605052434
[ 1440][  1][239]=30604241605052436
[ 1441][  1][240]=30604241605052614
[ 1442][  1][241]=30604241605052616
[ 1443][  1][242]=30604241605052634
[ 1444][  1][243]=30604241605052636
[ 1445][  1][244]=30604241605070414
[ 1446][  1][245]=30604241605070416
[ 1447][  1][246]=30604241605070434
[ 1448][  1][247]=30604241605070436
[ 1449][  1][248]=30604241605070614
[ 1450][  1][249]=30604241605070616
[ 2630][  2][228]=30604241605050415
[ 2631][  2][229]=30604241605050417
[ 2632][  2][230]=30604241605050435
[ 2633][  2][231]=30604241605050437
[ 2634][  2][232]=30604241605050615
[ 2635][  2][233]=30604241605050617
[ 2636][  2][234]=30604241605050635
[ 2637][  2][235]=30604241605050637
[ 2638][  2][236]=30604241605052415
[ 2639][  2][237]=30604241605052417
[ 2640][  2][238]=30604241605052435
[ 2641][  2][239]=30604241605052437
[ 2642][  2][240]=30604241605052615
[ 2643][  2][241]=30604241605052617
[ 2644][  2][242]=30604241605052635
[ 2645][  2][243]=30604241605052637
[ 2646][  2][244]=30604241605070415
[ 2647][  2][245]=30604241605070417
[ 2648][  2][246]=30604241605070435
[ 2649][  2][247]=30604241605070437
[ 2650][  2][248]=30604241605070615
[ 2651][  2][249]=30604241605070617
[ 3831][  3][228]=30604241605050504
[ 3832][  3][229]=30604241605050506
[ 3833][  3][230]=30604241605050524
[ 3834][  3][231]=30604241605050526
[ 3835][  3][232]=30604241605050704
[ 3836][  3][233]=30604241605050706
[ 3837][  3][234]=30604241605050724
[ 3838][  3][235]=30604241605050726
[ 3839][  3][236]=30604241605052504
[ 3840][  3][237]=30604241605052506
[ 3841][  3][238]=30604241605052524
[ 3842][  3][239]=30604241605052526
[ 3843][  3][240]=30604241605052704
[ 3844][  3][241]=30604241605052706
[ 3845][  3][242]=30604241605052724
[ 3846][  3][243]=30604241605052726
[ 3847][  3][244]=30604241605070504
[ 3848][  3][245]=30604241605070506
[ 3849][  3][246]=30604241605070524
[ 3850][  3][247]=30604241605070526
[ 3851][  3][248]=30604241605070704
[ 3852][  3][249]=30604241605070706
[ 3853][  3][250]=30604241605070724
[ 3854][  3][251]=30604241605070726
[ 5032][  4][228]=30604241605050505
[ 5033][  4][229]=30604241605050507
[ 5034][  4][230]=30604241605050525
[ 5035][  4][231]=30604241605050527
[ 5036][  4][232]=30604241605050705
[ 5037][  4][233]=30604241605050707
[ 5038][  4][234]=30604241605050725
[ 5039][  4][235]=30604241605050727
[ 5040][  4][236]=30604241605052505
[ 5041][  4][237]=30604241605052507
[ 5042][  4][238]=30604241605052525
[ 5043][  4][239]=30604241605052527
[ 5044][  4][240]=30604241605052705
[ 5045][  4][241]=30604241605052707
[ 5046][  4][242]=30604241605052725
[ 5047][  4][243]=30604241605052727
[ 5048][  4][244]=30604241605070505
[ 5049][  4][245]=30604241605070507
[ 5050][  4][246]=30604241605070525
[ 5051][  4][247]=30604241605070527
[ 5052][  4][248]=30604241605070705
[ 5053][  4][249]=30604241605070707
[ 5054][  4][250]=30604241605070725
[ 5055][  4][251]=30604241605070727
[ 6233][  5][228]=30604241605050514
[ 6234][  5][229]=30604241605050516
[ 6235][  5][230]=30604241605050534
[ 6236][  5][231]=30604241605050536
[ 6237][  5][232]=30604241605050714
[ 6238][  5][233]=30604241605050716
[ 6239][  5][234]=30604241605050734
[ 6240][  5][235]=30604241605050736
[ 6241][  5][236]=30604241605052514
[ 6242][  5][237]=30604241605052516
[ 6243][  5][238]=30604241605052534
[ 6244][  5][239]=30604241605052536
[ 6245][  5][240]=30604241605052714
[ 6246][  5][241]=30604241605052716
[ 6247][  5][242]=30604241605052734
[ 6248][  5][243]=30604241605052736
[ 6249][  5][244]=30604241605070514
[ 6250][  5][245]=30604241605070516
[ 6251][  5][246]=30604241605070534
[ 6252][  5][247]=30604241605070536
[ 6253][  5][248]=30604241605070714
[ 6254][  5][249]=30604241605070716
[ 6255][  5][250]=30604241605070734
[ 6256][  5][251]=30604241605070736
[ 7434][  6][228]=30604241605050515
[ 7435][  6][229]=30604241605050517
[ 7436][  6][230]=30604241605050535
[ 7437][  6][231]=30604241605050537
[ 7438][  6][232]=30604241605050715
[ 7439][  6][233]=30604241605050717
[ 7440][  6][234]=30604241605050735
[ 7441][  6][235]=30604241605050737
[ 7442][  6][236]=30604241605052515
[ 7443][  6][237]=30604241605052517
[ 7444][  6][238]=30604241605052535
[ 7445][  6][239]=30604241605052537
[ 7446][  6][240]=30604241605052715
[ 7447][  6][241]=30604241605052717
[ 7448][  6][242]=30604241605052735
[ 7449][  6][243]=30604241605052737
[ 7450][  6][244]=30604241605070515
[ 7451][  6][245]=30604241605070517
[ 7452][  6][246]=30604241605070535
[ 7453][  6][247]=30604241605070537
[ 7454][  6][248]=30604241605070715
[ 7455][  6][249]=30604241605070717
[ 7456][  6][250]=30604241605070735
[ 7457][  6][251]=30604241605070737
[ 8635][  7][228]=30604241605051404
[ 8636][  7][229]=30604241605051406
[ 8637][  7][230]=30604241605051424
[ 8638][  7][231]=30604241605051426
[ 8639][  7][232]=30604241605051604
[ 8640][  7][233]=30604241605051606
[ 8641][  7][234]=30604241605051624
[ 8642][  7][235]=30604241605051626
[ 8643][  7][236]=30604241605053404
[ 8644][  7][237]=30604241605053406
[ 8645][  7][238]=30604241605053424
[ 8646][  7][239]=30604241605053426
[ 8647][  7][240]=30604241605053604
[ 8648][  7][241]=30604241605053606
[ 8649][  7][242]=30604241605053624
[ 8650][  7][243]=30604241605053626
[ 8651][  7][244]=30604241605071404
[ 8652][  7][245]=30604241605071406
[ 8653][  7][246]=30604241605071424
[ 8654][  7][247]=30604241605071426
[ 8655][  7][248]=30604241605071604
[ 8656][  7][249]=30604241605071606
[ 8657][  7][250]=30604241605071624
[ 8658][  7][251]=30604241605071626
[ 9836][  8][228]=30604241605051405
[ 9837][  8][229]=30604241605051407
[ 9838][  8][230]=30604241605051425
[ 9839][  8][231]=30604241605051427
[ 9840][  8][232]=30604241605051605
[ 9841][  8][233]=30604241605051607
[ 9842][  8][234]=30604241605051625
[ 9843][  8][235]=30604241605051627
[ 9844][  8][236]=30604241605053405
[ 9845][  8][237]=30604241605053407
[ 9846][  8][238]=30604241605053425
[ 9847][  8][239]=30604241605053427
[ 9848][  8][240]=30604241605053605
[ 9849][  8][241]=30604241605053607
[ 9850][  8][242]=30604241605053625
[ 9851][  8][243]=30604241605053627
[ 9852][  8][244]=30604241605071405
[ 9853][  8][245]=30604241605071407
[ 9854][  8][246]=30604241605071425
[ 9855][  8][247]=30604241605071427
[ 9856][  8][248]=30604241605071605
[ 9857][  8][249]=30604241605071607
[ 9858][  8][250]=30604241605071625
[ 9859][  8][251]=30604241605071627
[11037][  9][228]=30604241605051414
[11038][  9][229]=30604241605051416
[11039][  9][230]=30604241605051434
[11040][  9][231]=30604241605051436
[11041][  9][232]=30604241605051614
[11042][  9][233]=30604241605051616
[11043][  9][234]=30604241605051634
[11044][  9][235]=30604241605051636
[11045][  9][236]=30604241605053414
[11046][  9][237]=30604241605053416
[11047][  9][238]=30604241605053434
[11048][  9][239]=30604241605053436
[11049][  9][240]=30604241605053614
[11050][  9][241]=30604241605053616
[11051][  9][242]=30604241605053634
[11052][  9][243]=30604241605053636
[11053][  9][244]=30604241605071414
[11054][  9][245]=30604241605071416
[11055][  9][246]=30604241605071434
[11056][  9][247]=30604241605071436
[11057][  9][248]=30604241605071614
[11058][  9][249]=30604241605071616
[11059][  9][250]=30604241605071634
[11060][  9][251]=30604241605071636
[12238][ 10][228]=30604241605051415
[12239][ 10][229]=30604241605051417
[12240][ 10][230]=30604241605051435
[12241][ 10][231]=30604241605051437
[12242][ 10][232]=30604241605051615
[12243][ 10][233]=30604241605051617
[12244][ 10][234]=30604241605051635
[12245][ 10][235]=30604241605051637
[12246][ 10][236]=30604241605053415
[12247][ 10][237]=30604241605053417
[12248][ 10][238]=30604241605053435
[12249][ 10][239]=30604241605053437
[12250][ 10][240]=30604241605053615
[12251][ 10][241]=30604241605053617
[12252][ 10][242]=30604241605053635
[12253][ 10][243]=30604241605053637
[12254][ 10][244]=30604241605071415
[12255][ 10][245]=30604241605071417
[12256][ 10][246]=30604241605071435
[12257][ 10][247]=30604241605071437
[12258][ 10][248]=30604241605071615
[12259][ 10][249]=30604241605071617
[12260][ 10][250]=30604241605071635
[12261][ 10][251]=30604241605071637
[13439][ 11][228]=30604241605051504
[13440][ 11][229]=30604241605051506
[13441][ 11][230]=30604241605051524
[13442][ 11][231]=30604241605051526
[13443][ 11][232]=30604241605051704
[13444][ 11][233]=30604241605051706
[13445][ 11][234]=30604241605051724
[13446][ 11][235]=30604241605051726
[13447][ 11][236]=30604241605053504
[13448][ 11][237]=30604241605053506
[13449][ 11][238]=30604241605053524
[13450][ 11][239]=30604241605053526
[13451][ 11][240]=30604241605053704
[13452][ 11][241]=30604241605053706
[13453][ 11][242]=30604241605053724
[13454][ 11][243]=30604241605053726
[13455][ 11][244]=30604241605071504
[13456][ 11][245]=30604241605071506
[13457][ 11][246]=30604241605071524
[13458][ 11][247]=30604241605071526
[13459][ 11][248]=30604241605071704
[13460][ 11][249]=30604241605071706
[13461][ 11][250]=30604241605071724
[13462][ 11][251]=30604241605071726
[14640][ 12][228]=30604241605051505
[14641][ 12][229]=30604241605051507
[14642][ 12][230]=30604241605051525
[14643][ 12][231]=30604241605051527
[14644][ 12][232]=30604241605051705
[14645][ 12][233]=30604241605051707
[14646][ 12][234]=30604241605051725
[14647][ 12][235]=30604241605051727
[14648][ 12][236]=30604241605053505
[14649][ 12][237]=30604241605053507
[14650][ 12][238]=30604241605053525
[14651][ 12][239]=30604241605053527
[14652][ 12][240]=30604241605053705
[14653][ 12][241]=30604241605053707
[14654][ 12][242]=30604241605053725
[14655][ 12][243]=30604241605053727
[14656][ 12][244]=30604241605071505
[14657][ 12][245]=30604241605071507
[14658][ 12][246]=30604241605071525
[14659][ 12][247]=30604241605071527
[14660][ 12][248]=30604241605071705
[14661][ 12][249]=30604241605071707
[14662][ 12][250]=30604241605071725
[14663][ 12][251]=30604241605071727
[15841][ 13][228]=30604241605051514
[15842][ 13][229]=30604241605051516
[15843][ 13][230]=30604241605051534
[15844][ 13][231]=30604241605051536
[15845][ 13][232]=30604241605051714
[15846][ 13][233]=30604241605051716
[15847][ 13][234]=30604241605051734
[15848][ 13][235]=30604241605051736
[15849][ 13][236]=30604241605053514
[15850][ 13][237]=30604241605053516
[15851][ 13][238]=30604241605053534
[15852][ 13][239]=30604241605053536
[15853][ 13][240]=30604241605053714
[15854][ 13][241]=30604241605053716
[15855][ 13][242]=30604241605053734
[15856][ 13][243]=30604241605053736
[15857][ 13][244]=30604241605071514
[15858][ 13][245]=30604241605071516
[15859][ 13][246]=30604241605071534
[15860][ 13][247]=30604241605071536
[15861][ 13][248]=30604241605071714
[15862][ 13][249]=30604241605071716
[15863][ 13][250]=30604241605071734
[15864][ 13][251]=30604241605071736
[17042][ 14][228]=30604241605051515
[17043][ 14][229]=30604241605051517
[17044][ 14][230]=30604241605051535
[17045][ 14][231]=30604241605051537
[17046][ 14][232]=30604241605051715
[17047][ 14][233]=30604241605051717
[17048][ 14][234]=30604241605051735
[17049][ 14][235]=30604241605051737
[17050][ 14][236]=30604241605053515
[17051][ 14][237]=30604241605053517
[17052][ 14][238]=30604241605053535
[17053][ 14][239]=30604241605053537
[17054][ 14][240]=30604241605053715
[17055][ 14][241]=30604241605053717
[17056][ 14][242]=30604241605053735
[17057][ 14][243]=30604241605053737
[17058][ 14][244]=30604241605071515
[17059][ 14][245]=30604241605071517
[17060][ 14][246]=30604241605071535
[17061][ 14][247]=30604241605071537
[17062][ 14][248]=30604241605071715
[17063][ 14][249]=30604241605071717
[17064][ 14][250]=30604241605071735
[17065][ 14][251]=30604241605071737
[18243][ 15][228]=30604241605140404
[18244][ 15][229]=30604241605140406
[18245][ 15][230]=30604241605140424
[18246][ 15][231]=30604241605140426
[18247][ 15][232]=30604241605140604
[18248][ 15][233]=30604241605140606
[18249][ 15][234]=30604241605140624
[18250][ 15][235]=30604241605140626
[18251][ 15][236]=30604241605142404
[18252][ 15][237]=30604241605142406
[18253][ 15][238]=30604241605142424
[18254][ 15][239]=30604241605142426
[18255][ 15][240]=30604241605142604
[18256][ 15][241]=30604241605142606
[18257][ 15][242]=30604241605142624
[18258][ 15][243]=30604241605142626
[18259][ 15][244]=30604241605160404
[18260][ 15][245]=30604241605160406
[18261][ 15][246]=30604241605160424
[18262][ 15][247]=30604241605160426
[18263][ 15][248]=30604241605160604
[18264][ 15][249]=30604241605160606
[19444][ 16][228]=30604241605140405
[19445][ 16][229]=30604241605140407
[19446][ 16][230]=30604241605140425
[19447][ 16][231]=30604241605140427
[19448][ 16][232]=30604241605140605
[19449][ 16][233]=30604241605140607
[19450][ 16][234]=30604241605140625
[19451][ 16][235]=30604241605140627
[19452][ 16][236]=30604241605142405
[19453][ 16][237]=30604241605142407
[19454][ 16][238]=30604241605142425
[19455][ 16][239]=30604241605142427
[19456][ 16][240]=30604241605142605
[19457][ 16][241]=30604241605142607
[19458][ 16][242]=30604241605142625
[19459][ 16][243]=30604241605142627
[19460][ 16][244]=30604241605160405
[19461][ 16][245]=30604241605160407
[19462][ 16][246]=30604241605160425
[19463][ 16][247]=30604241605160427
[19464][ 16][248]=30604241605160605
[19465][ 16][249]=30604241605160607
[20645][ 17][228]=30604241605140414
[20646][ 17][229]=30604241605140416
[20647][ 17][230]=30604241605140434
[20648][ 17][231]=30604241605140436
[20649][ 17][232]=30604241605140614
[20650][ 17][233]=30604241605140616
[20651][ 17][234]=30604241605140634
[20652][ 17][235]=30604241605140636
[20653][ 17][236]=30604241605142414
[20654][ 17][237]=30604241605142416
[20655][ 17][238]=30604241605142434
[20656][ 17][239]=30604241605142436
[20657][ 17][240]=30604241605142614
[20658][ 17][241]=30604241605142616
[20659][ 17][242]=30604241605142634
[20660][ 17][243]=30604241605142636
[20661][ 17][244]=30604241605160414
[20662][ 17][245]=30604241605160416
[20663][ 17][246]=30604241605160434
[20664][ 17][247]=30604241605160436
[20665][ 17][248]=30604241605160614
[20666][ 17][249]=30604241605160616
[20667][ 17][250]=30604241605160634
[20668][ 17][251]=30604241605160636
[21846][ 18][228]=30604241605140415
[21847][ 18][229]=30604241605140417
[21848][ 18][230]=30604241605140435
[21849][ 18][231]=30604241605140437
[21850][ 18][232]=30604241605140615
[21851][ 18][233]=30604241605140617
[21852][ 18][234]=30604241605140635
[21853][ 18][235]=30604241605140637
[21854][ 18][236]=30604241605142415
[21855][ 18][237]=30604241605142417
[21856][ 18][238]=30604241605142435
[21857][ 18][239]=30604241605142437
[21858][ 18][240]=30604241605142615
[21859][ 18][241]=30604241605142617
[21860][ 18][242]=30604241605142635
[21861][ 18][243]=30604241605142637
[21862][ 18][244]=30604241605160415
[21863][ 18][245]=30604241605160417
[21864][ 18][246]=30604241605160435
[21865][ 18][247]=30604241605160437
[21866][ 18][248]=30604241605160615
[21867][ 18][249]=30604241605160617
[21868][ 18][250]=30604241605160635
[21869][ 18][251]=30604241605160637
[23047][ 19][228]=30604241605140504
[23048][ 19][229]=30604241605140506
[23049][ 19][230]=30604241605140524
[23050][ 19][231]=30604241605140526
[23051][ 19][232]=30604241605140704
[23052][ 19][233]=30604241605140706
[23053][ 19][234]=30604241605140724
[23054][ 19][235]=30604241605140726
[23055][ 19][236]=30604241605142504
[23056][ 19][237]=30604241605142506
[23057][ 19][238]=30604241605142524
[23058][ 19][239]=30604241605142526
[23059][ 19][240]=30604241605142704
[23060][ 19][241]=30604241605142706
[23061][ 19][242]=30604241605142724
[23062][ 19][243]=30604241605142726
[23063][ 19][244]=30604241605160504
[23064][ 19][245]=30604241605160506
[23065][ 19][246]=30604241605160524
[23066][ 19][247]=30604241605160526
[23067][ 19][248]=30604241605160704
[23068][ 19][249]=30604241605160706
[23069][ 19][250]=30604241605160724
[23070][ 19][251]=30604241605160726
[23071][ 19][252]=30604241605162504
[23072][ 19][253]=30604241605162506
[24248][ 20][228]=30604241605140505
[24249][ 20][229]=30604241605140507
[24250][ 20][230]=30604241605140525
[24251][ 20][231]=30604241605140527
[24252][ 20][232]=30604241605140705
[24253][ 20][233]=30604241605140707
[24254][ 20][234]=30604241605140725
[24255][ 20][235]=30604241605140727
[24256][ 20][236]=30604241605142505
[24257][ 20][237]=30604241605142507
[24258][ 20][238]=30604241605142525
[24259][ 20][239]=30604241605142527
[24260][ 20][240]=30604241605142705
[24261][ 20][241]=30604241605142707
[24262][ 20][242]=30604241605142725
[24263][ 20][243]=30604241605142727
[24264][ 20][244]=30604241605160505
[24265][ 20][245]=30604241605160507
[24266][ 20][246]=30604241605160525
[24267][ 20][247]=30604241605160527
[24268][ 20][248]=30604241605160705
[24269][ 20][249]=30604241605160707
[24270][ 20][250]=30604241605160725
[24271][ 20][251]=30604241605160727
[24272][ 20][252]=30604241605162505
[24273][ 20][253]=30604241605162507
[25449][ 21][228]=30604241605140514
[25450][ 21][229]=30604241605140516
[25451][ 21][230]=30604241605140534
[25452][ 21][231]=30604241605140536
[25453][ 21][232]=30604241605140714
[25454][ 21][233]=30604241605140716
[25455][ 21][234]=30604241605140734
[25456][ 21][235]=30604241605140736
[25457][ 21][236]=30604241605142514
[25458][ 21][237]=30604241605142516
[25459][ 21][238]=30604241605142534
[25460][ 21][239]=30604241605142536
[25461][ 21][240]=30604241605142714
[25462][ 21][241]=30604241605142716
[25463][ 21][242]=30604241605142734
[25464][ 21][243]=30604241605142736
[25465][ 21][244]=30604241605160514
[25466][ 21][245]=30604241605160516
[25467][ 21][246]=30604241605160534
[25468][ 21][247]=30604241605160536
[25469][ 21][248]=30604241605160714
[25470][ 21][249]=30604241605160716
[25471][ 21][250]=30604241605160734
[25472][ 21][251]=30604241605160736
[25473][ 21][252]=30604241605162514
[25474][ 21][253]=30604241605162516
[26650][ 22][228]=30604241605140515
[26651][ 22][229]=30604241605140517
[26652][ 22][230]=30604241605140535
[26653][ 22][231]=30604241605140537
[26654][ 22][232]=30604241605140715
[26655][ 22][233]=30604241605140717
[26656][ 22][234]=30604241605140735
[26657][ 22][235]=30604241605140737
[26658][ 22][236]=30604241605142515
[26659][ 22][237]=30604241605142517
[26660][ 22][238]=30604241605142535
[26661][ 22][239]=30604241605142537
[26662][ 22][240]=30604241605142715
[26663][ 22][241]=30604241605142717
[26664][ 22][242]=30604241605142735
[26665][ 22][243]=30604241605142737
[26666][ 22][244]=30604241605160515
[26667][ 22][245]=30604241605160517
[26668][ 22][246]=30604241605160535
[26669][ 22][247]=30604241605160537
[26670][ 22][248]=30604241605160715
[26671][ 22][249]=30604241605160717
[26672][ 22][250]=30604241605160735
[26673][ 22][251]=30604241605160737
[26674][ 22][252]=30604241605162515
[26675][ 22][253]=30604241605162517
[27851][ 23][228]=30604241605141404
[27852][ 23][229]=30604241605141406
[27853][ 23][230]=30604241605141424
[27854][ 23][231]=30604241605141426
[27855][ 23][232]=30604241605141604
[27856][ 23][233]=30604241605141606
[27857][ 23][234]=30604241605141624
[27858][ 23][235]=30604241605141626
[27859][ 23][236]=30604241605143404
[27860][ 23][237]=30604241605143406
[27861][ 23][238]=30604241605143424
[27862][ 23][239]=30604241605143426
[27863][ 23][240]=30604241605143604
[27864][ 23][241]=30604241605143606
[27865][ 23][242]=30604241605143624
[27866][ 23][243]=30604241605143626
[27867][ 23][244]=30604241605161404
[27868][ 23][245]=30604241605161406
[27869][ 23][246]=30604241605161424
[27870][ 23][247]=30604241605161426
[27871][ 23][248]=30604241605161604
[27872][ 23][249]=30604241605161606
[27873][ 23][250]=30604241605161624
[27874][ 23][251]=30604241605161626
[27875][ 23][252]=30604241605163404
[27876][ 23][253]=30604241605163406
[27877][ 23][254]=30604241605163424
[27878][ 23][255]=30604241605163426
[29052][ 24][228]=30604241605141405
[29053][ 24][229]=30604241605141407
[29054][ 24][230]=30604241605141425
[29055][ 24][231]=30604241605141427
[29056][ 24][232]=30604241605141605
[29057][ 24][233]=30604241605141607
[29058][ 24][234]=30604241605141625
[29059][ 24][235]=30604241605141627
[29060][ 24][236]=30604241605143405
[29061][ 24][237]=30604241605143407
[29062][ 24][238]=30604241605143425
[29063][ 24][239]=30604241605143427
[29064][ 24][240]=30604241605143605
[29065][ 24][241]=30604241605143607
[29066][ 24][242]=30604241605143625
[29067][ 24][243]=30604241605143627
[29068][ 24][244]=30604241605161405
[29069][ 24][245]=30604241605161407
[29070][ 24][246]=30604241605161425
[29071][ 24][247]=30604241605161427
[29072][ 24][248]=30604241605161605
[29073][ 24][249]=30604241605161607
[29074][ 24][250]=30604241605161625
[29075][ 24][251]=30604241605161627
[29076][ 24][252]=30604241605163405
[29077][ 24][253]=30604241605163407
[29078][ 24][254]=30604241605163425
[29079][ 24][255]=30604241605163427
[30253][ 25][228]=30604241605141414
[30254][ 25][229]=30604241605141416
[30255][ 25][230]=30604241605141434
[30256][ 25][231]=30604241605141436
[30257][ 25][232]=30604241605141614
[30258][ 25][233]=30604241605141616
[30259][ 25][234]=30604241605141634
[30260][ 25][235]=30604241605141636
[30261][ 25][236]=30604241605143414
[30262][ 25][237]=30604241605143416
[30263][ 25][238]=30604241605143434
[30264][ 25][239]=30604241605143436
[30265][ 25][240]=30604241605143614
[30266][ 25][241]=30604241605143616
[30267][ 25][242]=30604241605143634
[30268][ 25][243]=30604241605143636
[30269][ 25][244]=30604241605161414
[30270][ 25][245]=30604241605161416
[30271][ 25][246]=30604241605161434
[30272][ 25][247]=30604241605161436
[30273][ 25][248]=30604241605161614
[30274][ 25][249]=30604241605161616
[30275][ 25][250]=30604241605161634
[30276][ 25][251]=30604241605161636
[30277][ 25][252]=30604241605163414
[30278][ 25][253]=30604241605163416
[30279][ 25][254]=30604241605163434
[30280][ 25][255]=30604241605163436
[31454][ 26][228]=30604241605141415
[31455][ 26][229]=30604241605141417
[31456][ 26][230]=30604241605141435
[31457][ 26][231]=30604241605141437
[31458][ 26][232]=30604241605141615
[31459][ 26][233]=30604241605141617
[31460][ 26][234]=30604241605141635
[31461][ 26][235]=30604241605141637
[31462][ 26][236]=30604241605143415
[31463][ 26][237]=30604241605143417
[31464][ 26][238]=30604241605143435
[31465][ 26][239]=30604241605143437
[31466][ 26][240]=30604241605143615
[31467][ 26][241]=30604241605143617
[31468][ 26][242]=30604241605143635
[31469][ 26][243]=30604241605143637
[31470][ 26][244]=30604241605161415
[31471][ 26][245]=30604241605161417
[31472][ 26][246]=30604241605161435
[31473][ 26][247]=30604241605161437
[31474][ 26][248]=30604241605161615
[31475][ 26][249]=30604241605161617
[31476][ 26][250]=30604241605161635
[31477][ 26][251]=30604241605161637
[31478][ 26][252]=30604241605163415
[31479][ 26][253]=30604241605163417
[31480][ 26][254]=30604241605163435
[31481][ 26][255]=30604241605163437
[32655][ 27][228]=30604241605141504
[32656][ 27][229]=30604241605141506
[32657][ 27][230]=30604241605141524
[32658][ 27][231]=30604241605141526
[32659][ 27][232]=30604241605141704
[32660][ 27][233]=30604241605141706
[32661][ 27][234]=30604241605141724
[32662][ 27][235]=30604241605141726
[32663][ 27][236]=30604241605143504
[32664][ 27][237]=30604241605143506
[32665][ 27][238]=30604241605143524
[32666][ 27][239]=30604241605143526
[32667][ 27][240]=30604241605143704
[32668][ 27][241]=30604241605143706
[32669][ 27][242]=30604241605143724
[32670][ 27][243]=30604241605143726
[32671][ 27][244]=30604241605161504
[32672][ 27][245]=30604241605161506
[32673][ 27][246]=30604241605161524
[32674][ 27][247]=30604241605161526
[32675][ 27][248]=30604241605161704
[32676][ 27][249]=30604241605161706
[32677][ 27][250]=30604241605161724
[32678][ 27][251]=30604241605161726
[32679][ 27][252]=30604241605163504
[32680][ 27][253]=30604241605163506
[32681][ 27][254]=30604241605163524
[32682][ 27][255]=30604241605163526
[32683][ 27][256]=30604241605163704
[32684][ 27][257]=30604241605163706
[32725][ 27][298]=30604241607141724
[32726][ 27][299]=30604241607141726
[32727][ 27][300]=30604241607143504
[32728][ 27][301]=30604241607143506
[32729][ 27][302]=30604241607143524
[32730][ 27][303]=30604241607143526
[33856][ 28][228]=30604241605141505
[33857][ 28][229]=30604241605141507
[33858][ 28][230]=30604241605141525
[33859][ 28][231]=30604241605141527
[33860][ 28][232]=30604241605141705
[33861][ 28][233]=30604241605141707
[33862][ 28][234]=30604241605141725
[33863][ 28][235]=30604241605141727
[33864][ 28][236]=30604241605143505
[33865][ 28][237]=30604241605143507
[33866][ 28][238]=30604241605143525
[33867][ 28][239]=30604241605143527
[33868][ 28][240]=30604241605143705
[33869][ 28][241]=30604241605143707
[33870][ 28][242]=30604241605143725
[33871][ 28][243]=30604241605143727
[33872][ 28][244]=30604241605161505
[33873][ 28][245]=30604241605161507
[33874][ 28][246]=30604241605161525
[33875][ 28][247]=30604241605161527
[33876][ 28][248]=30604241605161705
[33877][ 28][249]=30604241605161707
[33878][ 28][250]=30604241605161725
[33879][ 28][251]=30604241605161727
[33880][ 28][252]=30604241605163505
[33881][ 28][253]=30604241605163507
[33882][ 28][254]=30604241605163525
[33883][ 28][255]=30604241605163527
[33884][ 28][256]=30604241605163705
[33885][ 28][257]=30604241605163707
[33926][ 28][298]=30604241607141725
[33927][ 28][299]=30604241607141727
[33928][ 28][300]=30604241607143505
[33929][ 28][301]=30604241607143507
[33930][ 28][302]=30604241607143525
[33931][ 28][303]=30604241607143527
[35057][ 29][228]=30604241605141514
[35058][ 29][229]=30604241605141516
[35059][ 29][230]=30604241605141534
[35060][ 29][231]=30604241605141536
[35061][ 29][232]=30604241605141714
[35062][ 29][233]=30604241605141716
[35063][ 29][234]=30604241605141734
[35064][ 29][235]=30604241605141736
[35065][ 29][236]=30604241605143514
[35066][ 29][237]=30604241605143516
[35067][ 29][238]=30604241605143534
[35068][ 29][239]=30604241605143536
[35069][ 29][240]=30604241605143714
[35070][ 29][241]=30604241605143716
[35071][ 29][242]=30604241605143734
[35072][ 29][243]=30604241605143736
[35073][ 29][244]=30604241605161514
[35074][ 29][245]=30604241605161516
[35075][ 29][246]=30604241605161534
[35076][ 29][247]=30604241605161536
[35077][ 29][248]=30604241605161714
[35078][ 29][249]=30604241605161716
[35079][ 29][250]=30604241605161734
[35080][ 29][251]=30604241605161736
[35081][ 29][252]=30604241605163514
[35082][ 29][253]=30604241605163516
[35083][ 29][254]=30604241605163534
[35084][ 29][255]=30604241605163536
[35085][ 29][256]=30604241605163714
[35086][ 29][257]=30604241605163716
[35123][ 29][294]=30604241607141534
[35124][ 29][295]=30604241607141536
[35125][ 29][296]=30604241607141714
[35126][ 29][297]=30604241607141716
[35127][ 29][298]=30604241607141734
[35128][ 29][299]=30604241607141736
[35129][ 29][300]=30604241607143514
[35130][ 29][301]=30604241607143516
[35131][ 29][302]=30604241607143534
[35132][ 29][303]=30604241607143536
[35133][ 29][304]=30604241607143714
[35134][ 29][305]=30604241607143716
[35135][ 29][306]=30604241607143734
[35136][ 29][307]=30604241607143736
[35137][ 29][308]=30604241607161514
[35138][ 29][309]=30604241607161516
[35139][ 29][310]=30604241607161534
[35140][ 29][311]=30604241607161536
[36258][ 30][228]=30604241605141515
[36259][ 30][229]=30604241605141517
[36260][ 30][230]=30604241605141535
[36261][ 30][231]=30604241605141537
[36262][ 30][232]=30604241605141715
[36263][ 30][233]=30604241605141717
[36264][ 30][234]=30604241605141735
[36265][ 30][235]=30604241605141737
[36266][ 30][236]=30604241605143515
[36267][ 30][237]=30604241605143517
[36268][ 30][238]=30604241605143535
[36269][ 30][239]=30604241605143537
[36270][ 30][240]=30604241605143715
[36271][ 30][241]=30604241605143717
[36272][ 30][242]=30604241605143735
[36273][ 30][243]=30604241605143737
[36274][ 30][244]=30604241605161515
[36275][ 30][245]=30604241605161517
[36276][ 30][246]=30604241605161535
[36277][ 30][247]=30604241605161537
[36278][ 30][248]=30604241605161715
[36279][ 30][249]=30604241605161717
[36280][ 30][250]=30604241605161735
[36281][ 30][251]=30604241605161737
[36282][ 30][252]=30604241605163515
[36283][ 30][253]=30604241605163517
[36284][ 30][254]=30604241605163535
[36285][ 30][255]=30604241605163537
[36286][ 30][256]=30604241605163715
[36287][ 30][257]=30604241605163717
[36324][ 30][294]=30604241607141535
[36325][ 30][295]=30604241607141537
[36326][ 30][296]=30604241607141715
[36327][ 30][297]=30604241607141717
[36328][ 30][298]=30604241607141735
[36329][ 30][299]=30604241607141737
[36330][ 30][300]=30604241607143515
[36331][ 30][301]=30604241607143517
[36332][ 30][302]=30604241607143535
[36333][ 30][303]=30604241607143537
[36334][ 30][304]=30604241607143715
[36335][ 30][305]=30604241607143717
[36336][ 30][306]=30604241607143735
[36337][ 30][307]=30604241607143737
[36338][ 30][308]=30604241607161515
[36339][ 30][309]=30604241607161517
[36340][ 30][310]=30604241607161535
[36341][ 30][311]=30604241607161537
[37459][ 31][228]=30604241605150404
[37460][ 31][229]=30604241605150406
[37461][ 31][230]=30604241605150424
[37462][ 31][231]=30604241605150426
[37463][ 31][232]=30604241605150604
[37464][ 31][233]=30604241605150606
[37465][ 31][234]=30604241605150624
[37466][ 31][235]=30604241605150626
[37467][ 31][236]=30604241605152404
[37468][ 31][237]=30604241605152406
[37469][ 31][238]=30604241605152424
[37470][ 31][239]=30604241605152426
[37471][ 31][240]=30604241605152604
[37472][ 31][241]=30604241605152606
[37473][ 31][242]=30604241605152624
[37474][ 31][243]=30604241605152626
[37475][ 31][244]=30604241605170404
[37476][ 31][245]=30604241605170406
[37477][ 31][246]=30604241605170424
[37478][ 31][247]=30604241605170426
[37479][ 31][248]=30604241605170604
[37480][ 31][249]=30604241605170606
[37481][ 31][250]=30604241605170624
[37482][ 31][251]=30604241605170626
[37483][ 31][252]=30604241605172404
[37484][ 31][253]=30604241605172406
[37485][ 31][254]=30604241605172424
[37486][ 31][255]=30604241605172426
[37487][ 31][256]=30604241605172604
[37488][ 31][257]=30604241605172606
[37521][ 31][290]=30604241605372624
[37522][ 31][291]=30604241605372626
[37523][ 31][292]=30604241607150404
[37524][ 31][293]=30604241607150406
[37525][ 31][294]=30604241607150424
[37526][ 31][295]=30604241607150426
[37527][ 31][296]=30604241607150604
[37528][ 31][297]=30604241607150606
[37529][ 31][298]=30604241607150624
[37530][ 31][299]=30604241607150626
[37531][ 31][300]=30604241607152404
[37532][ 31][301]=30604241607152406
[37533][ 31][302]=30604241607152424
[37534][ 31][303]=30604241607152426
[37535][ 31][304]=30604241607152604
[37536][ 31][305]=30604241607152606
[37537][ 31][306]=30604241607152624
[37538][ 31][307]=30604241607152626
[37539][ 31][308]=30604241607170404
[37540][ 31][309]=30604241607170406
[37541][ 31][310]=30604241607170424
[37542][ 31][311]=30604241607170426
[37543][ 31][312]=30604241607170604
[37544][ 31][313]=30604241607170606
[38660][ 32][228]=30604241605150405
[38661][ 32][229]=30604241605150407
[38662][ 32][230]=30604241605150425
[38663][ 32][231]=30604241605150427
[38664][ 32][232]=30604241605150605
[38665][ 32][233]=30604241605150607
[38666][ 32][234]=30604241605150625
[38667][ 32][235]=30604241605150627
[38668][ 32][236]=30604241605152405
[38669][ 32][237]=30604241605152407
[38670][ 32][238]=30604241605152425
[38671][ 32][239]=30604241605152427
[38672][ 32][240]=30604241605152605
[38673][ 32][241]=30604241605152607
[38674][ 32][242]=30604241605152625
[38675][ 32][243]=30604241605152627
[38676][ 32][244]=30604241605170405
[38677][ 32][245]=30604241605170407
[38678][ 32][246]=30604241605170425
[38679][ 32][247]=30604241605170427
[38680][ 32][248]=30604241605170605
[38681][ 32][249]=30604241605170607
[38682][ 32][250]=30604241605170625
[38683][ 32][251]=30604241605170627
[38684][ 32][252]=30604241605172405
[38685][ 32][253]=30604241605172407
[38686][ 32][254]=30604241605172425
[38687][ 32][255]=30604241605172427
[38688][ 32][256]=30604241605172605
[38689][ 32][257]=30604241605172607
[38722][ 32][290]=30604241605372625
[38723][ 32][291]=30604241605372627
[38724][ 32][292]=30604241607150405
[38725][ 32][293]=30604241607150407
[38726][ 32][294]=30604241607150425
[38727][ 32][295]=30604241607150427
[38728][ 32][296]=30604241607150605
[38729][ 32][297]=30604241607150607
[38730][ 32][298]=30604241607150625
[38731][ 32][299]=30604241607150627
[38732][ 32][300]=30604241607152405
[38733][ 32][301]=30604241607152407
[38734][ 32][302]=30604241607152425
[38735][ 32][303]=30604241607152427
[38736][ 32][304]=30604241607152605
[38737][ 32][305]=30604241607152607
[38738][ 32][306]=30604241607152625
[38739][ 32][307]=30604241607152627
[38740][ 32][308]=30604241607170405
[38741][ 32][309]=30604241607170407
[38742][ 32][310]=30604241607170425
[38743][ 32][311]=30604241607170427
[38744][ 32][312]=30604241607170605
[38745][ 32][313]=30604241607170607
[39861][ 33][228]=30604241605150414
[39862][ 33][229]=30604241605150416
[39863][ 33][230]=30604241605150434
[39864][ 33][231]=30604241605150436
[39865][ 33][232]=30604241605150614
[39866][ 33][233]=30604241605150616
[39867][ 33][234]=30604241605150634
[39868][ 33][235]=30604241605150636
[39869][ 33][236]=30604241605152414
[39870][ 33][237]=30604241605152416
[39871][ 33][238]=30604241605152434
[39872][ 33][239]=30604241605152436
[39873][ 33][240]=30604241605152614
[39874][ 33][241]=30604241605152616
[39875][ 33][242]=30604241605152634
[39876][ 33][243]=30604241605152636
[39877][ 33][244]=30604241605170414
[39878][ 33][245]=30604241605170416
[39879][ 33][246]=30604241605170434
[39880][ 33][247]=30604241605170436
[39881][ 33][248]=30604241605170614
[39882][ 33][249]=30604241605170616
[39883][ 33][250]=30604241605170634
[39884][ 33][251]=30604241605170636
[39885][ 33][252]=30604241605172414
[39886][ 33][253]=30604241605172416
[39887][ 33][254]=30604241605172434
[39888][ 33][255]=30604241605172436
[39889][ 33][256]=30604241605172614
[39890][ 33][257]=30604241605172616
[39921][ 33][288]=30604241605372614
[39922][ 33][289]=30604241605372616
[39923][ 33][290]=30604241605372634
[39924][ 33][291]=30604241605372636
[39925][ 33][292]=30604241607150414
[39926][ 33][293]=30604241607150416
[39927][ 33][294]=30604241607150434
[39928][ 33][295]=30604241607150436
[39929][ 33][296]=30604241607150614
[39930][ 33][297]=30604241607150616
[39931][ 33][298]=30604241607150634
[39932][ 33][299]=30604241607150636
[39933][ 33][300]=30604241607152414
[39934][ 33][301]=30604241607152416
[39935][ 33][302]=30604241607152434
[39936][ 33][303]=30604241607152436
[39937][ 33][304]=30604241607152614
[39938][ 33][305]=30604241607152616
[39939][ 33][306]=30604241607152634
[39940][ 33][307]=30604241607152636
[39941][ 33][308]=30604241607170414
[39942][ 33][309]=30604241607170416
[39943][ 33][310]=30604241607170434
[39944][ 33][311]=30604241607170436
[39945][ 33][312]=30604241607170614
[39946][ 33][313]=30604241607170616
[39947][ 33][314]=30604241607170634
[39948][ 33][315]=30604241607170636
[41062][ 34][228]=30604241605150415
[41063][ 34][229]=30604241605150417
[41064][ 34][230]=30604241605150435
[41065][ 34][231]=30604241605150437
[41066][ 34][232]=30604241605150615
[41067][ 34][233]=30604241605150617
[41068][ 34][234]=30604241605150635
[41069][ 34][235]=30604241605150637
[41070][ 34][236]=30604241605152415
[41071][ 34][237]=30604241605152417
[41072][ 34][238]=30604241605152435
[41073][ 34][239]=30604241605152437
[41074][ 34][240]=30604241605152615
[41075][ 34][241]=30604241605152617
[41076][ 34][242]=30604241605152635
[41077][ 34][243]=30604241605152637
[41078][ 34][244]=30604241605170415
[41079][ 34][245]=30604241605170417
[41080][ 34][246]=30604241605170435
[41081][ 34][247]=30604241605170437
[41082][ 34][248]=30604241605170615
[41083][ 34][249]=30604241605170617
[41084][ 34][250]=30604241605170635
[41085][ 34][251]=30604241605170637
[41086][ 34][252]=30604241605172415
[41087][ 34][253]=30604241605172417
[41088][ 34][254]=30604241605172435
[41089][ 34][255]=30604241605172437
[41090][ 34][256]=30604241605172615
[41091][ 34][257]=30604241605172617
[41122][ 34][288]=30604241605372615
[41123][ 34][289]=30604241605372617
[41124][ 34][290]=30604241605372635
[41125][ 34][291]=30604241605372637
[41126][ 34][292]=30604241607150415
[41127][ 34][293]=30604241607150417
[41128][ 34][294]=30604241607150435
[41129][ 34][295]=30604241607150437
[41130][ 34][296]=30604241607150615
[41131][ 34][297]=30604241607150617
[41132][ 34][298]=30604241607150635
[41133][ 34][299]=30604241607150637
[41134][ 34][300]=30604241607152415
[41135][ 34][301]=30604241607152417
[41136][ 34][302]=30604241607152435
[41137][ 34][303]=30604241607152437
[41138][ 34][304]=30604241607152615
[41139][ 34][305]=30604241607152617
[41140][ 34][306]=30604241607152635
[41141][ 34][307]=30604241607152637
[41142][ 34][308]=30604241607170415
[41143][ 34][309]=30604241607170417
[41144][ 34][310]=30604241607170435
[41145][ 34][311]=30604241607170437
[41146][ 34][312]=30604241607170615
[41147][ 34][313]=30604241607170617
[41148][ 34][314]=30604241607170635
[41149][ 34][315]=30604241607170637
[42263][ 35][228]=30604241605150504
[42264][ 35][229]=30604241605150506
[42265][ 35][230]=30604241605150524
[42266][ 35][231]=30604241605150526
[42267][ 35][232]=30604241605150704
[42268][ 35][233]=30604241605150706
[42269][ 35][234]=30604241605150724
[42270][ 35][235]=30604241605150726
[42271][ 35][236]=30604241605152504
[42272][ 35][237]=30604241605152506
[42273][ 35][238]=30604241605152524
[42274][ 35][239]=30604241605152526
[42275][ 35][240]=30604241605152704
[42276][ 35][241]=30604241605152706
[42277][ 35][242]=30604241605152724
[42278][ 35][243]=30604241605152726
[42279][ 35][244]=30604241605170504
[42280][ 35][245]=30604241605170506
[42281][ 35][246]=30604241605170524
[42282][ 35][247]=30604241605170526
[42283][ 35][248]=30604241605170704
[42284][ 35][249]=30604241605170706
[42285][ 35][250]=30604241605170724
[42286][ 35][251]=30604241605170726
[42287][ 35][252]=30604241605172504
[42288][ 35][253]=30604241605172506
[42289][ 35][254]=30604241605172524
[42290][ 35][255]=30604241605172526
[42291][ 35][256]=30604241605172704
[42292][ 35][257]=30604241605172706
[42293][ 35][258]=30604241605172724
[42294][ 35][259]=30604241605172726
[42321][ 35][286]=30604241605372524
[42322][ 35][287]=30604241605372526
[42323][ 35][288]=30604241605372704
[42324][ 35][289]=30604241605372706
[42325][ 35][290]=30604241605372724
[42326][ 35][291]=30604241605372726
[42327][ 35][292]=30604241607150504
[42328][ 35][293]=30604241607150506
[42329][ 35][294]=30604241607150524
[42330][ 35][295]=30604241607150526
[42331][ 35][296]=30604241607150704
[42332][ 35][297]=30604241607150706
[42333][ 35][298]=30604241607150724
[42334][ 35][299]=30604241607150726
[42335][ 35][300]=30604241607152504
[42336][ 35][301]=30604241607152506
[42337][ 35][302]=30604241607152524
[42338][ 35][303]=30604241607152526
[42339][ 35][304]=30604241607152704
[42340][ 35][305]=30604241607152706
[42341][ 35][306]=30604241607152724
[42342][ 35][307]=30604241607152726
[42343][ 35][308]=30604241607170504
[42344][ 35][309]=30604241607170506
[42345][ 35][310]=30604241607170524
[42346][ 35][311]=30604241607170526
[42347][ 35][312]=30604241607170704
[42348][ 35][313]=30604241607170706
[42349][ 35][314]=30604241607170724
[42350][ 35][315]=30604241607170726
[42351][ 35][316]=30604241607172504
[42352][ 35][317]=30604241607172506
[43464][ 36][228]=30604241605150505
[43465][ 36][229]=30604241605150507
[43466][ 36][230]=30604241605150525
[43467][ 36][231]=30604241605150527
[43468][ 36][232]=30604241605150705
[43469][ 36][233]=30604241605150707
[43470][ 36][234]=30604241605150725
[43471][ 36][235]=30604241605150727
[43472][ 36][236]=30604241605152505
[43473][ 36][237]=30604241605152507
[43474][ 36][238]=30604241605152525
[43475][ 36][239]=30604241605152527
[43476][ 36][240]=30604241605152705
[43477][ 36][241]=30604241605152707
[43478][ 36][242]=30604241605152725
[43479][ 36][243]=30604241605152727
[43480][ 36][244]=30604241605170505
[43481][ 36][245]=30604241605170507
[43482][ 36][246]=30604241605170525
[43483][ 36][247]=30604241605170527
[43484][ 36][248]=30604241605170705
[43485][ 36][249]=30604241605170707
[43486][ 36][250]=30604241605170725
[43487][ 36][251]=30604241605170727
[43488][ 36][252]=30604241605172505
[43489][ 36][253]=30604241605172507
[43490][ 36][254]=30604241605172525
[43491][ 36][255]=30604241605172527
[43492][ 36][256]=30604241605172705
[43493][ 36][257]=30604241605172707
[43494][ 36][258]=30604241605172725
[43495][ 36][259]=30604241605172727
[43522][ 36][286]=30604241605372525
[43523][ 36][287]=30604241605372527
[43524][ 36][288]=30604241605372705
[43525][ 36][289]=30604241605372707
[43526][ 36][290]=30604241605372725
[43527][ 36][291]=30604241605372727
[43528][ 36][292]=30604241607150505
[43529][ 36][293]=30604241607150507
[43530][ 36][294]=30604241607150525
[43531][ 36][295]=30604241607150527
[43532][ 36][296]=30604241607150705
[43533][ 36][297]=30604241607150707
[43534][ 36][298]=30604241607150725
[43535][ 36][299]=30604241607150727
[43536][ 36][300]=30604241607152505
[43537][ 36][301]=30604241607152507
[43538][ 36][302]=30604241607152525
[43539][ 36][303]=30604241607152527
[43540][ 36][304]=30604241607152705
[43541][ 36][305]=30604241607152707
[43542][ 36][306]=30604241607152725
[43543][ 36][307]=30604241607152727
[43544][ 36][308]=30604241607170505
[43545][ 36][309]=30604241607170507
[43546][ 36][310]=30604241607170525
[43547][ 36][311]=30604241607170527
[43548][ 36][312]=30604241607170705
[43549][ 36][313]=30604241607170707
[43550][ 36][314]=30604241607170725
[43551][ 36][315]=30604241607170727
[43552][ 36][316]=30604241607172505
[43553][ 36][317]=30604241607172507
[44665][ 37][228]=30604241605150514
[44666][ 37][229]=30604241605150516
[44667][ 37][230]=30604241605150534
[44668][ 37][231]=30604241605150536
[44669][ 37][232]=30604241605150714
[44670][ 37][233]=30604241605150716
[44671][ 37][234]=30604241605150734
[44672][ 37][235]=30604241605150736
[44673][ 37][236]=30604241605152514
[44674][ 37][237]=30604241605152516
[44675][ 37][238]=30604241605152534
[44676][ 37][239]=30604241605152536
[44677][ 37][240]=30604241605152714
[44678][ 37][241]=30604241605152716
[44679][ 37][242]=30604241605152734
[44680][ 37][243]=30604241605152736
[44681][ 37][244]=30604241605170514
[44682][ 37][245]=30604241605170516
[44683][ 37][246]=30604241605170534
[44684][ 37][247]=30604241605170536
[44685][ 37][248]=30604241605170714
[44686][ 37][249]=30604241605170716
[44687][ 37][250]=30604241605170734
[44688][ 37][251]=30604241605170736
[44689][ 37][252]=30604241605172514
[44690][ 37][253]=30604241605172516
[44691][ 37][254]=30604241605172534
[44692][ 37][255]=30604241605172536
[44693][ 37][256]=30604241605172714
[44694][ 37][257]=30604241605172716
[44695][ 37][258]=30604241605172734
[44696][ 37][259]=30604241605172736
[44721][ 37][284]=30604241605372514
[44722][ 37][285]=30604241605372516
[44723][ 37][286]=30604241605372534
[44724][ 37][287]=30604241605372536
[44725][ 37][288]=30604241605372714
[44726][ 37][289]=30604241605372716
[44727][ 37][290]=30604241605372734
[44728][ 37][291]=30604241605372736
[44729][ 37][292]=30604241607150514
[44730][ 37][293]=30604241607150516
[44731][ 37][294]=30604241607150534
[44732][ 37][295]=30604241607150536
[44733][ 37][296]=30604241607150714
[44734][ 37][297]=30604241607150716
[44735][ 37][298]=30604241607150734
[44736][ 37][299]=30604241607150736
[44737][ 37][300]=30604241607152514
[44738][ 37][301]=30604241607152516
[44739][ 37][302]=30604241607152534
[44740][ 37][303]=30604241607152536
[44741][ 37][304]=30604241607152714
[44742][ 37][305]=30604241607152716
[44743][ 37][306]=30604241607152734
[44744][ 37][307]=30604241607152736
[44745][ 37][308]=30604241607170514
[44746][ 37][309]=30604241607170516
[44747][ 37][310]=30604241607170534
[44748][ 37][311]=30604241607170536
[44749][ 37][312]=30604241607170714
[44750][ 37][313]=30604241607170716
[44751][ 37][314]=30604241607170734
[44752][ 37][315]=30604241607170736
[44753][ 37][316]=30604241607172514
[44754][ 37][317]=30604241607172516
[44755][ 37][318]=30604241607172534
[44756][ 37][319]=30604241607172536
[45866][ 38][228]=30604241605150515
[45867][ 38][229]=30604241605150517
[45868][ 38][230]=30604241605150535
[45869][ 38][231]=30604241605150537
[45870][ 38][232]=30604241605150715
[45871][ 38][233]=30604241605150717
[45872][ 38][234]=30604241605150735
[45873][ 38][235]=30604241605150737
[45874][ 38][236]=30604241605152515
[45875][ 38][237]=30604241605152517
[45876][ 38][238]=30604241605152535
[45877][ 38][239]=30604241605152537
[45878][ 38][240]=30604241605152715
[45879][ 38][241]=30604241605152717
[45880][ 38][242]=30604241605152735
[45881][ 38][243]=30604241605152737
[45882][ 38][244]=30604241605170515
[45883][ 38][245]=30604241605170517
[45884][ 38][246]=30604241605170535
[45885][ 38][247]=30604241605170537
[45886][ 38][248]=30604241605170715
[45887][ 38][249]=30604241605170717
[45888][ 38][250]=30604241605170735
[45889][ 38][251]=30604241605170737
[45890][ 38][252]=30604241605172515
[45891][ 38][253]=30604241605172517
[45892][ 38][254]=30604241605172535
[45893][ 38][255]=30604241605172537
[45894][ 38][256]=30604241605172715
[45895][ 38][257]=30604241605172717
[45896][ 38][258]=30604241605172735
[45897][ 38][259]=30604241605172737
[45922][ 38][284]=30604241605372515
[45923][ 38][285]=30604241605372517
[45924][ 38][286]=30604241605372535
[45925][ 38][287]=30604241605372537
[45926][ 38][288]=30604241605372715
[45927][ 38][289]=30604241605372717
[45928][ 38][290]=30604241605372735
[45929][ 38][291]=30604241605372737
[45930][ 38][292]=30604241607150515
[45931][ 38][293]=30604241607150517
[45932][ 38][294]=30604241607150535
[45933][ 38][295]=30604241607150537
[45934][ 38][296]=30604241607150715
[45935][ 38][297]=30604241607150717
[45936][ 38][298]=30604241607150735
[45937][ 38][299]=30604241607150737
[45938][ 38][300]=30604241607152515
[45939][ 38][301]=30604241607152517
[45940][ 38][302]=30604241607152535
[45941][ 38][303]=30604241607152537
[45942][ 38][304]=30604241607152715
[45943][ 38][305]=30604241607152717
[45944][ 38][306]=30604241607152735
[45945][ 38][307]=30604241607152737
[45946][ 38][308]=30604241607170515
[45947][ 38][309]=30604241607170517
[45948][ 38][310]=30604241607170535
[45949][ 38][311]=30604241607170537
[45950][ 38][312]=30604241607170715
[45951][ 38][313]=30604241607170717
[45952][ 38][314]=30604241607170735
[45953][ 38][315]=30604241607170737
[45954][ 38][316]=30604241607172515
[45955][ 38][317]=30604241607172517
[45956][ 38][318]=30604241607172535
[45957][ 38][319]=30604241607172537
[47067][ 39][228]=30604241605151404
[47068][ 39][229]=30604241605151406
[47069][ 39][230]=30604241605151424
[47070][ 39][231]=30604241605151426
[47071][ 39][232]=30604241605151604
[47072][ 39][233]=30604241605151606
[47073][ 39][234]=30604241605151624
[47074][ 39][235]=30604241605151626
[47075][ 39][236]=30604241605153404
[47076][ 39][237]=30604241605153406
[47077][ 39][238]=30604241605153424
[47078][ 39][239]=30604241605153426
[47079][ 39][240]=30604241605153604
[47080][ 39][241]=30604241605153606
[47081][ 39][242]=30604241605153624
[47082][ 39][243]=30604241605153626
[47083][ 39][244]=30604241605171404
[47084][ 39][245]=30604241605171406
[47085][ 39][246]=30604241605171424
[47086][ 39][247]=30604241605171426
[47087][ 39][248]=30604241605171604
[47088][ 39][249]=30604241605171606
[47089][ 39][250]=30604241605171624
[47090][ 39][251]=30604241605171626
[47091][ 39][252]=30604241605173404
[47092][ 39][253]=30604241605173406
[47093][ 39][254]=30604241605173424
[47094][ 39][255]=30604241605173426
[47095][ 39][256]=30604241605173604
[47096][ 39][257]=30604241605173606
[47097][ 39][258]=30604241605173624
[47098][ 39][259]=30604241605173626
[47099][ 39][260]=30604241605351404
[47100][ 39][261]=30604241605351406
[47121][ 39][282]=30604241605371624
[47122][ 39][283]=30604241605371626
[47123][ 39][284]=30604241605373404
[47124][ 39][285]=30604241605373406
[47125][ 39][286]=30604241605373424
[47126][ 39][287]=30604241605373426
[47127][ 39][288]=30604241605373604
[47128][ 39][289]=30604241605373606
[47129][ 39][290]=30604241605373624
[47130][ 39][291]=30604241605373626
[47131][ 39][292]=30604241607151404
[47132][ 39][293]=30604241607151406
[47133][ 39][294]=30604241607151424
[47134][ 39][295]=30604241607151426
[47135][ 39][296]=30604241607151604
[47136][ 39][297]=30604241607151606
[47137][ 39][298]=30604241607151624
[47138][ 39][299]=30604241607151626
[47139][ 39][300]=30604241607153404
[47140][ 39][301]=30604241607153406
[47141][ 39][302]=30604241607153424
[47142][ 39][303]=30604241607153426
[47143][ 39][304]=30604241607153604
[47144][ 39][305]=30604241607153606
[47145][ 39][306]=30604241607153624
[47146][ 39][307]=30604241607153626
[47147][ 39][308]=30604241607171404
[47148][ 39][309]=30604241607171406
[47149][ 39][310]=30604241607171424
[47150][ 39][311]=30604241607171426
[47151][ 39][312]=30604241607171604
[47152][ 39][313]=30604241607171606
[47153][ 39][314]=30604241607171624
[47154][ 39][315]=30604241607171626
[47155][ 39][316]=30604241607173404
[47156][ 39][317]=30604241607173406
[47157][ 39][318]=30604241607173424
[47158][ 39][319]=30604241607173426
[47159][ 39][320]=30604241607173604
[47160][ 39][321]=30604241607173606
[48268][ 40][228]=30604241605151405
[48269][ 40][229]=30604241605151407
[48270][ 40][230]=30604241605151425
[48271][ 40][231]=30604241605151427
[48272][ 40][232]=30604241605151605
[48273][ 40][233]=30604241605151607
[48274][ 40][234]=30604241605151625
[48275][ 40][235]=30604241605151627
[48276][ 40][236]=30604241605153405
[48277][ 40][237]=30604241605153407
[48278][ 40][238]=30604241605153425
[48279][ 40][239]=30604241605153427
[48280][ 40][240]=30604241605153605
[48281][ 40][241]=30604241605153607
[48282][ 40][242]=30604241605153625
[48283][ 40][243]=30604241605153627
[48284][ 40][244]=30604241605171405
[48285][ 40][245]=30604241605171407
[48286][ 40][246]=30604241605171425
[48287][ 40][247]=30604241605171427
[48288][ 40][248]=30604241605171605
[48289][ 40][249]=30604241605171607
[48290][ 40][250]=30604241605171625
[48291][ 40][251]=30604241605171627
[48292][ 40][252]=30604241605173405
[48293][ 40][253]=30604241605173407
[48294][ 40][254]=30604241605173425
[48295][ 40][255]=30604241605173427
[48296][ 40][256]=30604241605173605
[48297][ 40][257]=30604241605173607
[48298][ 40][258]=30604241605173625
[48299][ 40][259]=30604241605173627
[48300][ 40][260]=30604241605351405
[48301][ 40][261]=30604241605351407
[48322][ 40][282]=30604241605371625
[48323][ 40][283]=30604241605371627
[48324][ 40][284]=30604241605373405
[48325][ 40][285]=30604241605373407
[48326][ 40][286]=30604241605373425
[48327][ 40][287]=30604241605373427
[48328][ 40][288]=30604241605373605
[48329][ 40][289]=30604241605373607
[48330][ 40][290]=30604241605373625
[48331][ 40][291]=30604241605373627
[48332][ 40][292]=30604241607151405
[48333][ 40][293]=30604241607151407
[48334][ 40][294]=30604241607151425
[48335][ 40][295]=30604241607151427
[48336][ 40][296]=30604241607151605
[48337][ 40][297]=30604241607151607
[48338][ 40][298]=30604241607151625
[48339][ 40][299]=30604241607151627
[48340][ 40][300]=30604241607153405
[48341][ 40][301]=30604241607153407
[48342][ 40][302]=30604241607153425
[48343][ 40][303]=30604241607153427
[48344][ 40][304]=30604241607153605
[48345][ 40][305]=30604241607153607
[48346][ 40][306]=30604241607153625
[48347][ 40][307]=30604241607153627
[48348][ 40][308]=30604241607171405
[48349][ 40][309]=30604241607171407
[48350][ 40][310]=30604241607171425
[48351][ 40][311]=30604241607171427
[48352][ 40][312]=30604241607171605
[48353][ 40][313]=30604241607171607
[48354][ 40][314]=30604241607171625
[48355][ 40][315]=30604241607171627
[48356][ 40][316]=30604241607173405
[48357][ 40][317]=30604241607173407
[48358][ 40][318]=30604241607173425
[48359][ 40][319]=30604241607173427
[48360][ 40][320]=30604241607173605
[48361][ 40][321]=30604241607173607
[49469][ 41][228]=30604241605151414
[49470][ 41][229]=30604241605151416
[49471][ 41][230]=30604241605151434
[49472][ 41][231]=30604241605151436
[49473][ 41][232]=30604241605151614
[49474][ 41][233]=30604241605151616
[49475][ 41][234]=30604241605151634
[49476][ 41][235]=30604241605151636
[49477][ 41][236]=30604241605153414
[49478][ 41][237]=30604241605153416
[49479][ 41][238]=30604241605153434
[49480][ 41][239]=30604241605153436
[49481][ 41][240]=30604241605153614
[49482][ 41][241]=30604241605153616
[49483][ 41][242]=30604241605153634
[49484][ 41][243]=30604241605153636
[49485][ 41][244]=30604241605171414
[49486][ 41][245]=30604241605171416
[49487][ 41][246]=30604241605171434
[49488][ 41][247]=30604241605171436
[49489][ 41][248]=30604241605171614
[49490][ 41][249]=30604241605171616
[49491][ 41][250]=30604241605171634
[49492][ 41][251]=30604241605171636
[49493][ 41][252]=30604241605173414
[49494][ 41][253]=30604241605173416
[49495][ 41][254]=30604241605173434
[49496][ 41][255]=30604241605173436
[49497][ 41][256]=30604241605173614
[49498][ 41][257]=30604241605173616
[49499][ 41][258]=30604241605173634
[49500][ 41][259]=30604241605173636
[49501][ 41][260]=30604241605351414
[49502][ 41][261]=30604241605351416
[49521][ 41][280]=30604241605371614
[49522][ 41][281]=30604241605371616
[49523][ 41][282]=30604241605371634
[49524][ 41][283]=30604241605371636
[49525][ 41][284]=30604241605373414
[49526][ 41][285]=30604241605373416
[49527][ 41][286]=30604241605373434
[49528][ 41][287]=30604241605373436
[49529][ 41][288]=30604241605373614
[49530][ 41][289]=30604241605373616
[49531][ 41][290]=30604241605373634
[49532][ 41][291]=30604241605373636
[49533][ 41][292]=30604241607151414
[49534][ 41][293]=30604241607151416
[49535][ 41][294]=30604241607151434
[49536][ 41][295]=30604241607151436
[49537][ 41][296]=30604241607151614
[49538][ 41][297]=30604241607151616
[49539][ 41][298]=30604241607151634
[49540][ 41][299]=30604241607151636
[49541][ 41][300]=30604241607153414
[49542][ 41][301]=30604241607153416
[49543][ 41][302]=30604241607153434
[49544][ 41][303]=30604241607153436
[49545][ 41][304]=30604241607153614
[49546][ 41][305]=30604241607153616
[49547][ 41][306]=30604241607153634
[49548][ 41][307]=30604241607153636
[49549][ 41][308]=30604241607171414
[49550][ 41][309]=30604241607171416
[49551][ 41][310]=30604241607171434
[49552][ 41][311]=30604241607171436
[49553][ 41][312]=30604241607171614
[49554][ 41][313]=30604241607171616
[49555][ 41][314]=30604241607171634
[49556][ 41][315]=30604241607171636
[49557][ 41][316]=30604241607173414
[49558][ 41][317]=30604241607173416
[49559][ 41][318]=30604241607173434
[49560][ 41][319]=30604241607173436
[49561][ 41][320]=30604241607173614
[49562][ 41][321]=30604241607173616
[50670][ 42][228]=30604241605151415
[50671][ 42][229]=30604241605151417
[50672][ 42][230]=30604241605151435
[50673][ 42][231]=30604241605151437
[50674][ 42][232]=30604241605151615
[50675][ 42][233]=30604241605151617
[50676][ 42][234]=30604241605151635
[50677][ 42][235]=30604241605151637
[50678][ 42][236]=30604241605153415
[50679][ 42][237]=30604241605153417
[50680][ 42][238]=30604241605153435
[50681][ 42][239]=30604241605153437
[50682][ 42][240]=30604241605153615
[50683][ 42][241]=30604241605153617
[50684][ 42][242]=30604241605153635
[50685][ 42][243]=30604241605153637
[50686][ 42][244]=30604241605171415
[50687][ 42][245]=30604241605171417
[50688][ 42][246]=30604241605171435
[50689][ 42][247]=30604241605171437
[50690][ 42][248]=30604241605171615
[50691][ 42][249]=30604241605171617
[50692][ 42][250]=30604241605171635
[50693][ 42][251]=30604241605171637
[50694][ 42][252]=30604241605173415
[50695][ 42][253]=30604241605173417
[50696][ 42][254]=30604241605173435
[50697][ 42][255]=30604241605173437
[50698][ 42][256]=30604241605173615
[50699][ 42][257]=30604241605173617
[50700][ 42][258]=30604241605173635
[50701][ 42][259]=30604241605173637
[50702][ 42][260]=30604241605351415
[50703][ 42][261]=30604241605351417
[50722][ 42][280]=30604241605371615
[50723][ 42][281]=30604241605371617
[50724][ 42][282]=30604241605371635
[50725][ 42][283]=30604241605371637
[50726][ 42][284]=30604241605373415
[50727][ 42][285]=30604241605373417
[50728][ 42][286]=30604241605373435
[50729][ 42][287]=30604241605373437
[50730][ 42][288]=30604241605373615
[50731][ 42][289]=30604241605373617
[50732][ 42][290]=30604241605373635
[50733][ 42][291]=30604241605373637
[50734][ 42][292]=30604241607151415
[50735][ 42][293]=30604241607151417
[50736][ 42][294]=30604241607151435
[50737][ 42][295]=30604241607151437
[50738][ 42][296]=30604241607151615
[50739][ 42][297]=30604241607151617
[50740][ 42][298]=30604241607151635
[50741][ 42][299]=30604241607151637
[50742][ 42][300]=30604241607153415
[50743][ 42][301]=30604241607153417
[50744][ 42][302]=30604241607153435
[50745][ 42][303]=30604241607153437
[50746][ 42][304]=30604241607153615
[50747][ 42][305]=30604241607153617
[50748][ 42][306]=30604241607153635
[50749][ 42][307]=30604241607153637
[50750][ 42][308]=30604241607171415
[50751][ 42][309]=30604241607171417
[50752][ 42][310]=30604241607171435
[50753][ 42][311]=30604241607171437
[50754][ 42][312]=30604241607171615
[50755][ 42][313]=30604241607171617
[50756][ 42][314]=30604241607171635
[50757][ 42][315]=30604241607171637
[50758][ 42][316]=30604241607173415
[50759][ 42][317]=30604241607173417
[50760][ 42][318]=30604241607173435
[50761][ 42][319]=30604241607173437
[50762][ 42][320]=30604241607173615
[50763][ 42][321]=30604241607173617
[51871][ 43][228]=30604241605151504
[51872][ 43][229]=30604241605151506
[51873][ 43][230]=30604241605151524
[51874][ 43][231]=30604241605151526
[51875][ 43][232]=30604241605151704
[51876][ 43][233]=30604241605151706
[51877][ 43][234]=30604241605151724
[51878][ 43][235]=30604241605151726
[51879][ 43][236]=30604241605153504
[51880][ 43][237]=30604241605153506
[51881][ 43][238]=30604241605153524
[51882][ 43][239]=30604241605153526
[51883][ 43][240]=30604241605153704
[51884][ 43][241]=30604241605153706
[51885][ 43][242]=30604241605153724
[51886][ 43][243]=30604241605153726
[51887][ 43][244]=30604241605171504
[51888][ 43][245]=30604241605171506
[51889][ 43][246]=30604241605171524
[51890][ 43][247]=30604241605171526
[51891][ 43][248]=30604241605171704
[51892][ 43][249]=30604241605171706
[51893][ 43][250]=30604241605171724
[51894][ 43][251]=30604241605171726
[51895][ 43][252]=30604241605173504
[51896][ 43][253]=30604241605173506
[51897][ 43][254]=30604241605173524
[51898][ 43][255]=30604241605173526
[51899][ 43][256]=30604241605173704
[51900][ 43][257]=30604241605173706
[51901][ 43][258]=30604241605173724
[51902][ 43][259]=30604241605173726
[51903][ 43][260]=30604241605351504
[51904][ 43][261]=30604241605351506
[51905][ 43][262]=30604241605351524
[51906][ 43][263]=30604241605351526
[51917][ 43][274]=30604241605353724
[51918][ 43][275]=30604241605353726
[51919][ 43][276]=30604241605371504
[51920][ 43][277]=30604241605371506
[51921][ 43][278]=30604241605371524
[51922][ 43][279]=30604241605371526
[51923][ 43][280]=30604241605371704
[51924][ 43][281]=30604241605371706
[51925][ 43][282]=30604241605371724
[51926][ 43][283]=30604241605371726
[51927][ 43][284]=30604241605373504
[51928][ 43][285]=30604241605373506
[51929][ 43][286]=30604241605373524
[51930][ 43][287]=30604241605373526
[51931][ 43][288]=30604241605373704
[51932][ 43][289]=30604241605373706
[51933][ 43][290]=30604241605373724
[51934][ 43][291]=30604241605373726
[51935][ 43][292]=30604241607151504
[51936][ 43][293]=30604241607151506
[51937][ 43][294]=30604241607151524
[51938][ 43][295]=30604241607151526
[51939][ 43][296]=30604241607151704
[51940][ 43][297]=30604241607151706
[51941][ 43][298]=30604241607151724
[51942][ 43][299]=30604241607151726
[51943][ 43][300]=30604241607153504
[51944][ 43][301]=30604241607153506
[51945][ 43][302]=30604241607153524
[51946][ 43][303]=30604241607153526
[51947][ 43][304]=30604241607153704
[51948][ 43][305]=30604241607153706
[51949][ 43][306]=30604241607153724
[51950][ 43][307]=30604241607153726
[51951][ 43][308]=30604241607171504
[51952][ 43][309]=30604241607171506
[51953][ 43][310]=30604241607171524
[51954][ 43][311]=30604241607171526
[51955][ 43][312]=30604241607171704
[51956][ 43][313]=30604241607171706
[51957][ 43][314]=30604241607171724
[51958][ 43][315]=30604241607171726
[51959][ 43][316]=30604241607173504
[51960][ 43][317]=30604241607173506
[51961][ 43][318]=30604241607173524
[51962][ 43][319]=30604241607173526
[51963][ 43][320]=30604241607173704
[51964][ 43][321]=30604241607173706
[51965][ 43][322]=30604241607173724
[51966][ 43][323]=30604241607173726
[53072][ 44][228]=30604241605151505
[53073][ 44][229]=30604241605151507
[53074][ 44][230]=30604241605151525
[53075][ 44][231]=30604241605151527
[53076][ 44][232]=30604241605151705
[53077][ 44][233]=30604241605151707
[53078][ 44][234]=30604241605151725
[53079][ 44][235]=30604241605151727
[53080][ 44][236]=30604241605153505
[53081][ 44][237]=30604241605153507
[53082][ 44][238]=30604241605153525
[53083][ 44][239]=30604241605153527
[53084][ 44][240]=30604241605153705
[53085][ 44][241]=30604241605153707
[53086][ 44][242]=30604241605153725
[53087][ 44][243]=30604241605153727
[53088][ 44][244]=30604241605171505
[53089][ 44][245]=30604241605171507
[53090][ 44][246]=30604241605171525
[53091][ 44][247]=30604241605171527
[53092][ 44][248]=30604241605171705
[53093][ 44][249]=30604241605171707
[53094][ 44][250]=30604241605171725
[53095][ 44][251]=30604241605171727
[53096][ 44][252]=30604241605173505
[53097][ 44][253]=30604241605173507
[53098][ 44][254]=30604241605173525
[53099][ 44][255]=30604241605173527
[53100][ 44][256]=30604241605173705
[53101][ 44][257]=30604241605173707
[53102][ 44][258]=30604241605173725
[53103][ 44][259]=30604241605173727
[53104][ 44][260]=30604241605351505
[53105][ 44][261]=30604241605351507
[53106][ 44][262]=30604241605351525
[53107][ 44][263]=30604241605351527
[53118][ 44][274]=30604241605353725
[53119][ 44][275]=30604241605353727
[53120][ 44][276]=30604241605371505
[53121][ 44][277]=30604241605371507
[53122][ 44][278]=30604241605371525
[53123][ 44][279]=30604241605371527
[53124][ 44][280]=30604241605371705
[53125][ 44][281]=30604241605371707
[53126][ 44][282]=30604241605371725
[53127][ 44][283]=30604241605371727
[53128][ 44][284]=30604241605373505
[53129][ 44][285]=30604241605373507
[53130][ 44][286]=30604241605373525
[53131][ 44][287]=30604241605373527
[53132][ 44][288]=30604241605373705
[53133][ 44][289]=30604241605373707
[53134][ 44][290]=30604241605373725
[53135][ 44][291]=30604241605373727
[53136][ 44][292]=30604241607151505
[53137][ 44][293]=30604241607151507
[53138][ 44][294]=30604241607151525
[53139][ 44][295]=30604241607151527
[53140][ 44][296]=30604241607151705
[53141][ 44][297]=30604241607151707
[53142][ 44][298]=30604241607151725
[53143][ 44][299]=30604241607151727
[53144][ 44][300]=30604241607153505
[53145][ 44][301]=30604241607153507
[53146][ 44][302]=30604241607153525
[53147][ 44][303]=30604241607153527
[53148][ 44][304]=30604241607153705
[53149][ 44][305]=30604241607153707
[53150][ 44][306]=30604241607153725
[53151][ 44][307]=30604241607153727
[53152][ 44][308]=30604241607171505
[53153][ 44][309]=30604241607171507
[53154][ 44][310]=30604241607171525
[53155][ 44][311]=30604241607171527
[53156][ 44][312]=30604241607171705
[53157][ 44][313]=30604241607171707
[53158][ 44][314]=30604241607171725
[53159][ 44][315]=30604241607171727
[53160][ 44][316]=30604241607173505
[53161][ 44][317]=30604241607173507
[53162][ 44][318]=30604241607173525
[53163][ 44][319]=30604241607173527
[53164][ 44][320]=30604241607173705
[53165][ 44][321]=30604241607173707
[53166][ 44][322]=30604241607173725
[53167][ 44][323]=30604241607173727
[54273][ 45][228]=30604241605151514
[54274][ 45][229]=30604241605151516
[54275][ 45][230]=30604241605151534
[54276][ 45][231]=30604241605151536
[54277][ 45][232]=30604241605151714
[54278][ 45][233]=30604241605151716
[54279][ 45][234]=30604241605151734
[54280][ 45][235]=30604241605151736
[54281][ 45][236]=30604241605153514
[54282][ 45][237]=30604241605153516
[54283][ 45][238]=30604241605153534
[54284][ 45][239]=30604241605153536
[54285][ 45][240]=30604241605153714
[54286][ 45][241]=30604241605153716
[54287][ 45][242]=30604241605153734
[54288][ 45][243]=30604241605153736
[54289][ 45][244]=30604241605171514
[54290][ 45][245]=30604241605171516
[54291][ 45][246]=30604241605171534
[54292][ 45][247]=30604241605171536
[54293][ 45][248]=30604241605171714
[54294][ 45][249]=30604241605171716
[54295][ 45][250]=30604241605171734
[54296][ 45][251]=30604241605171736
[54297][ 45][252]=30604241605173514
[54298][ 45][253]=30604241605173516
[54299][ 45][254]=30604241605173534
[54300][ 45][255]=30604241605173536
[54301][ 45][256]=30604241605173714
[54302][ 45][257]=30604241605173716
[54303][ 45][258]=30604241605173734
[54304][ 45][259]=30604241605173736
[54305][ 45][260]=30604241605351514
[54306][ 45][261]=30604241605351516
[54307][ 45][262]=30604241605351534
[54308][ 45][263]=30604241605351536
[54317][ 45][272]=30604241605353714
[54318][ 45][273]=30604241605353716
[54319][ 45][274]=30604241605353734
[54320][ 45][275]=30604241605353736
[54321][ 45][276]=30604241605371514
[54322][ 45][277]=30604241605371516
[54323][ 45][278]=30604241605371534
[54324][ 45][279]=30604241605371536
[54325][ 45][280]=30604241605371714
[54326][ 45][281]=30604241605371716
[54327][ 45][282]=30604241605371734
[54328][ 45][283]=30604241605371736
[54329][ 45][284]=30604241605373514
[54330][ 45][285]=30604241605373516
[54331][ 45][286]=30604241605373534
[54332][ 45][287]=30604241605373536
[54333][ 45][288]=30604241605373714
[54334][ 45][289]=30604241605373716
[54335][ 45][290]=30604241605373734
[54336][ 45][291]=30604241605373736
[54337][ 45][292]=30604241607151514
[54338][ 45][293]=30604241607151516
[54339][ 45][294]=30604241607151534
[54340][ 45][295]=30604241607151536
[54341][ 45][296]=30604241607151714
[54342][ 45][297]=30604241607151716
[54343][ 45][298]=30604241607151734
[54344][ 45][299]=30604241607151736
[54345][ 45][300]=30604241607153514
[54346][ 45][301]=30604241607153516
[54347][ 45][302]=30604241607153534
[54348][ 45][303]=30604241607153536
[54349][ 45][304]=30604241607153714
[54350][ 45][305]=30604241607153716
[54351][ 45][306]=30604241607153734
[54352][ 45][307]=30604241607153736
[54353][ 45][308]=30604241607171514
[54354][ 45][309]=30604241607171516
[54355][ 45][310]=30604241607171534
[54356][ 45][311]=30604241607171536
[54357][ 45][312]=30604241607171714
[54358][ 45][313]=30604241607171716
[54359][ 45][314]=30604241607171734
[54360][ 45][315]=30604241607171736
[54361][ 45][316]=30604241607173514
[54362][ 45][317]=30604241607173516
[54363][ 45][318]=30604241607173534
[54364][ 45][319]=30604241607173536
[54365][ 45][320]=30604241607173714
[54366][ 45][321]=30604241607173716
[54367][ 45][322]=30604241607173734
[54368][ 45][323]=30604241607173736
[54369][ 45][324]=30604241607351514
[54370][ 45][325]=30604241607351516
[55474][ 46][228]=30604241605151515
[55475][ 46][229]=30604241605151517
[55476][ 46][230]=30604241605151535
[55477][ 46][231]=30604241605151537
[55478][ 46][232]=30604241605151715
[55479][ 46][233]=30604241605151717
[55480][ 46][234]=30604241605151735
[55481][ 46][235]=30604241605151737
[55482][ 46][236]=30604241605153515
[55483][ 46][237]=30604241605153517
[55484][ 46][238]=30604241605153535
[55485][ 46][239]=30604241605153537
[55486][ 46][240]=30604241605153715
[55487][ 46][241]=30604241605153717
[55488][ 46][242]=30604241605153735
[55489][ 46][243]=30604241605153737
[55490][ 46][244]=30604241605171515
[55491][ 46][245]=30604241605171517
[55492][ 46][246]=30604241605171535
[55493][ 46][247]=30604241605171537
[55494][ 46][248]=30604241605171715
[55495][ 46][249]=30604241605171717
[55496][ 46][250]=30604241605171735
[55497][ 46][251]=30604241605171737
[55498][ 46][252]=30604241605173515
[55499][ 46][253]=30604241605173517
[55500][ 46][254]=30604241605173535
[55501][ 46][255]=30604241605173537
[55502][ 46][256]=30604241605173715
[55503][ 46][257]=30604241605173717
[55504][ 46][258]=30604241605173735
[55505][ 46][259]=30604241605173737
[55506][ 46][260]=30604241605351515
[55507][ 46][261]=30604241605351517
[55508][ 46][262]=30604241605351535
[55509][ 46][263]=30604241605351537
[55518][ 46][272]=30604241605353715
[55519][ 46][273]=30604241605353717
[55520][ 46][274]=30604241605353735
[55521][ 46][275]=30604241605353737
[55522][ 46][276]=30604241605371515
[55523][ 46][277]=30604241605371517
[55524][ 46][278]=30604241605371535
[55525][ 46][279]=30604241605371537
[55526][ 46][280]=30604241605371715
[55527][ 46][281]=30604241605371717
[55528][ 46][282]=30604241605371735
[55529][ 46][283]=30604241605371737
[55530][ 46][284]=30604241605373515
[55531][ 46][285]=30604241605373517
[55532][ 46][286]=30604241605373535
[55533][ 46][287]=30604241605373537
[55534][ 46][288]=30604241605373715
[55535][ 46][289]=30604241605373717
[55536][ 46][290]=30604241605373735
[55537][ 46][291]=30604241605373737
[55538][ 46][292]=30604241607151515
[55539][ 46][293]=30604241607151517
[55540][ 46][294]=30604241607151535
[55541][ 46][295]=30604241607151537
[55542][ 46][296]=30604241607151715
[55543][ 46][297]=30604241607151717
[55544][ 46][298]=30604241607151735
[55545][ 46][299]=30604241607151737
[55546][ 46][300]=30604241607153515
[55547][ 46][301]=30604241607153517
[55548][ 46][302]=30604241607153535
[55549][ 46][303]=30604241607153537
[55550][ 46][304]=30604241607153715
[55551][ 46][305]=30604241607153717
[55552][ 46][306]=30604241607153735
[55553][ 46][307]=30604241607153737
[55554][ 46][308]=30604241607171515
[55555][ 46][309]=30604241607171517
[55556][ 46][310]=30604241607171535
[55557][ 46][311]=30604241607171537
[55558][ 46][312]=30604241607171715
[55559][ 46][313]=30604241607171717
[55560][ 46][314]=30604241607171735
[55561][ 46][315]=30604241607171737
[55562][ 46][316]=30604241607173515
[55563][ 46][317]=30604241607173517
[55564][ 46][318]=30604241607173535
[55565][ 46][319]=30604241607173537
[55566][ 46][320]=30604241607173715
[55567][ 46][321]=30604241607173717
[55568][ 46][322]=30604241607173735
[55569][ 46][323]=30604241607173737
[55570][ 46][324]=30604241607351515
[55571][ 46][325]=30604241607351517
