[458577][381][996]=30604261515041514
[458578][381][997]=30604261515041516
[459778][382][996]=30604261515041515
[459779][382][997]=30604261515041517
[460979][383][996]=30604261515050404
[460980][383][997]=30604261515050406
[462180][384][996]=30604261515050405
[462181][384][997]=30604261515050407
[463381][385][996]=30604261515050414
[463382][385][997]=30604261515050416
[463383][385][998]=30604261515050434
[463384][385][999]=30604261515050436
[464582][386][996]=30604261515050415
[464583][386][997]=30604261515050417
[464584][386][998]=30604261515050435
[464585][386][999]=30604261515050437
[465783][387][996]=30604261515050504
[465784][387][997]=30604261515050506
[465785][387][998]=30604261515050524
[465786][387][999]=30604261515050526
[466984][388][996]=30604261515050505
[466985][388][997]=30604261515050507
[466986][388][998]=30604261515050525
[466987][388][999]=30604261515050527
[468185][389][996]=30604261515050514
[468186][389][997]=30604261515050516
[468187][389][998]=30604261515050534
[468188][389][999]=30604261515050536
[469386][390][996]=30604261515050515
[469387][390][997]=30604261515050517
[469388][390][998]=30604261515050535
[469389][390][999]=30604261515050537
[470587][391][996]=30604261515051404
[470588][391][997]=30604261515051406
[470589][391][998]=30604261515051424
[470590][391][999]=30604261515051426
[471788][392][996]=30604261515051405
[471789][392][997]=30604261515051407
[471790][392][998]=30604261515051425
[471791][392][999]=30604261515051427
[472989][393][996]=30604261515051414
[472990][393][997]=30604261515051416
[472991][393][998]=30604261515051434
[472992][393][999]=30604261515051436
[472993][393][1000]=30604261515051614
[472994][393][1001]=30604261515051616
[474190][394][996]=30604261515051415
[474191][394][997]=30604261515051417
[474192][394][998]=30604261515051435
[474193][394][999]=30604261515051437
[474194][394][1000]=30604261515051615
[474195][394][1001]=30604261515051617
[475391][395][996]=30604261515051504
[475392][395][997]=30604261515051506
[475393][395][998]=30604261515051524
[475394][395][999]=30604261515051526
[475395][395][1000]=30604261515051704
[475396][395][1001]=30604261515051706
[476592][396][996]=30604261515051505
[476593][396][997]=30604261515051507
[476594][396][998]=30604261515051525
[476595][396][999]=30604261515051527
[476596][396][1000]=30604261515051705
[476597][396][1001]=30604261515051707
[477793][397][996]=30604261515051514
[477794][397][997]=30604261515051516
[477795][397][998]=30604261515051534
[477796][397][999]=30604261515051536
[477797][397][1000]=30604261515051714
[477798][397][1001]=30604261515051716
[477799][397][1002]=30604261515051734
[477800][397][1003]=30604261515051736
[478994][398][996]=30604261515051515
[478995][398][997]=30604261515051517
[478996][398][998]=30604261515051535
[478997][398][999]=30604261515051537
[478998][398][1000]=30604261515051715
[478999][398][1001]=30604261515051717
[479000][398][1002]=30604261515051735
[479001][398][1003]=30604261515051737
[480195][399][996]=30604261515140404
[480196][399][997]=30604261515140406
[480197][399][998]=30604261515140424
[480198][399][999]=30604261515140426
[480199][399][1000]=30604261515140604
[480200][399][1001]=30604261515140606
[480201][399][1002]=30604261515140624
[480202][399][1003]=30604261515140626
[481396][400][996]=30604261515140405
[481397][400][997]=30604261515140407
[481398][400][998]=30604261515140425
[481399][400][999]=30604261515140427
[481400][400][1000]=30604261515140605
[481401][400][1001]=30604261515140607
[481402][400][1002]=30604261515140625
[481403][400][1003]=30604261515140627
[482597][401][996]=30604261515140414
[482598][401][997]=30604261515140416
[482599][401][998]=30604261515140434
[482600][401][999]=30604261515140436
[482601][401][1000]=30604261515140614
[482602][401][1001]=30604261515140616
[482603][401][1002]=30604261515140634
[482604][401][1003]=30604261515140636
[483798][402][996]=30604261515140415
[483799][402][997]=30604261515140417
[483800][402][998]=30604261515140435
[483801][402][999]=30604261515140437
[483802][402][1000]=30604261515140615
[483803][402][1001]=30604261515140617
[483804][402][1002]=30604261515140635
[483805][402][1003]=30604261515140637
[484999][403][996]=30604261515140504
[485000][403][997]=30604261515140506
[485001][403][998]=30604261515140524
[485002][403][999]=30604261515140526
[485003][403][1000]=30604261515140704
[485004][403][1001]=30604261515140706
[485005][403][1002]=30604261515140724
[485006][403][1003]=30604261515140726
[485007][403][1004]=30604261515142504
[485008][403][1005]=30604261515142506
[486200][404][996]=30604261515140505
[486201][404][997]=30604261515140507
[486202][404][998]=30604261515140525
[486203][404][999]=30604261515140527
[486204][404][1000]=30604261515140705
[486205][404][1001]=30604261515140707
[486206][404][1002]=30604261515140725
[486207][404][1003]=30604261515140727
[486208][404][1004]=30604261515142505
[486209][404][1005]=30604261515142507
[487401][405][996]=30604261515140514
[487402][405][997]=30604261515140516
[487403][405][998]=30604261515140534
[487404][405][999]=30604261515140536
[487405][405][1000]=30604261515140714
[487406][405][1001]=30604261515140716
[487407][405][1002]=30604261515140734
[487408][405][1003]=30604261515140736
[487409][405][1004]=30604261515142514
[487410][405][1005]=30604261515142516
[488602][406][996]=30604261515140515
[488603][406][997]=30604261515140517
[488604][406][998]=30604261515140535
[488605][406][999]=30604261515140537
[488606][406][1000]=30604261515140715
[488607][406][1001]=30604261515140717
[488608][406][1002]=30604261515140735
[488609][406][1003]=30604261515140737
[488610][406][1004]=30604261515142515
[488611][406][1005]=30604261515142517
[489803][407][996]=30604261515141404
[489804][407][997]=30604261515141406
[489805][407][998]=30604261515141424
[489806][407][999]=30604261515141426
[489807][407][1000]=30604261515141604
[489808][407][1001]=30604261515141606
[489809][407][1002]=30604261515141624
[489810][407][1003]=30604261515141626
[489811][407][1004]=30604261515143404
[489812][407][1005]=30604261515143406
[491004][408][996]=30604261515141405
[491005][408][997]=30604261515141407
[491006][408][998]=30604261515141425
[491007][408][999]=30604261515141427
[491008][408][1000]=30604261515141605
[491009][408][1001]=30604261515141607
[491010][408][1002]=30604261515141625
[491011][408][1003]=30604261515141627
[491012][408][1004]=30604261515143405
[491013][408][1005]=30604261515143407
[492205][409][996]=30604261515141414
[492206][409][997]=30604261515141416
[492207][409][998]=30604261515141434
[492208][409][999]=30604261515141436
[492209][409][1000]=30604261515141614
[492210][409][1001]=30604261515141616
[492211][409][1002]=30604261515141634
[492212][409][1003]=30604261515141636
[492213][409][1004]=30604261515143414
[492214][409][1005]=30604261515143416
[493406][410][996]=30604261515141415
[493407][410][997]=30604261515141417
[493408][410][998]=30604261515141435
[493409][410][999]=30604261515141437
[493410][410][1000]=30604261515141615
[493411][410][1001]=30604261515141617
[493412][410][1002]=30604261515141635
[493413][410][1003]=30604261515141637
[493414][410][1004]=30604261515143415
[493415][410][1005]=30604261515143417
[494607][411][996]=30604261515141504
[494608][411][997]=30604261515141506
[494609][411][998]=30604261515141524
[494610][411][999]=30604261515141526
[494611][411][1000]=30604261515141704
[494612][411][1001]=30604261515141706
[494613][411][1002]=30604261515141724
[494614][411][1003]=30604261515141726
[494615][411][1004]=30604261515143504
[494616][411][1005]=30604261515143506
[495808][412][996]=30604261515141505
[495809][412][997]=30604261515141507
[495810][412][998]=30604261515141525
[495811][412][999]=30604261515141527
[495812][412][1000]=30604261515141705
[495813][412][1001]=30604261515141707
[495814][412][1002]=30604261515141725
[495815][412][1003]=30604261515141727
[495816][412][1004]=30604261515143505
[495817][412][1005]=30604261515143507
[497009][413][996]=30604261515141514
[497010][413][997]=30604261515141516
[497011][413][998]=30604261515141534
[497012][413][999]=30604261515141536
[497013][413][1000]=30604261515141714
[497014][413][1001]=30604261515141716
[497015][413][1002]=30604261515141734
[497016][413][1003]=30604261515141736
[497017][413][1004]=30604261515143514
[497018][413][1005]=30604261515143516
[498210][414][996]=30604261515141515
[498211][414][997]=30604261515141517
[498212][414][998]=30604261515141535
[498213][414][999]=30604261515141537
[498214][414][1000]=30604261515141715
[498215][414][1001]=30604261515141717
[498216][414][1002]=30604261515141735
[498217][414][1003]=30604261515141737
[498218][414][1004]=30604261515143515
[498219][414][1005]=30604261515143517
[499411][415][996]=30604261515150404
[499412][415][997]=30604261515150406
[499413][415][998]=30604261515150424
[499414][415][999]=30604261515150426
[499415][415][1000]=30604261515150604
[499416][415][1001]=30604261515150606
[499417][415][1002]=30604261515150624
[499418][415][1003]=30604261515150626
[499419][415][1004]=30604261515152404
[499420][415][1005]=30604261515152406
[500612][416][996]=30604261515150405
[500613][416][997]=30604261515150407
[500614][416][998]=30604261515150425
[500615][416][999]=30604261515150427
[500616][416][1000]=30604261515150605
[500617][416][1001]=30604261515150607
[500618][416][1002]=30604261515150625
[500619][416][1003]=30604261515150627
[500620][416][1004]=30604261515152405
[500621][416][1005]=30604261515152407
[501813][417][996]=30604261515150414
[501814][417][997]=30604261515150416
[501815][417][998]=30604261515150434
[501816][417][999]=30604261515150436
[501817][417][1000]=30604261515150614
[501818][417][1001]=30604261515150616
[501819][417][1002]=30604261515150634
[501820][417][1003]=30604261515150636
[501821][417][1004]=30604261515152414
[501822][417][1005]=30604261515152416
[503014][418][996]=30604261515150415
[503015][418][997]=30604261515150417
[503016][418][998]=30604261515150435
[503017][418][999]=30604261515150437
[503018][418][1000]=30604261515150615
[503019][418][1001]=30604261515150617
[503020][418][1002]=30604261515150635
[503021][418][1003]=30604261515150637
[503022][418][1004]=30604261515152415
[503023][418][1005]=30604261515152417
[504215][419][996]=30604261515150504
[504216][419][997]=30604261515150506
[504217][419][998]=30604261515150524
[504218][419][999]=30604261515150526
[504219][419][1000]=30604261515150704
[504220][419][1001]=30604261515150706
[504221][419][1002]=30604261515150724
[504222][419][1003]=30604261515150726
[505416][420][996]=30604261515150505
[505417][420][997]=30604261515150507
[505418][420][998]=30604261515150525
[505419][420][999]=30604261515150527
[505420][420][1000]=30604261515150705
[505421][420][1001]=30604261515150707
[505422][420][1002]=30604261515150725
[505423][420][1003]=30604261515150727
[506617][421][996]=30604261515150514
[506618][421][997]=30604261515150516
[506619][421][998]=30604261515150534
[506620][421][999]=30604261515150536
[506621][421][1000]=30604261515150714
[506622][421][1001]=30604261515150716
[507818][422][996]=30604261515150515
[507819][422][997]=30604261515150517
[507820][422][998]=30604261515150535
[507821][422][999]=30604261515150537
[507822][422][1000]=30604261515150715
[507823][422][1001]=30604261515150717
[509019][423][996]=30604261515151404
[509020][423][997]=30604261515151406
[509021][423][998]=30604261515151424
[509022][423][999]=30604261515151426
[509023][423][1000]=30604261515151604
[509024][423][1001]=30604261515151606
[509025][423][1002]=30604261515151624
[509026][423][1003]=30604261515151626
[510220][424][996]=30604261515151405
[510221][424][997]=30604261515151407
[510222][424][998]=30604261515151425
[510223][424][999]=30604261515151427
[510224][424][1000]=30604261515151605
[510225][424][1001]=30604261515151607
[510226][424][1002]=30604261515151625
[510227][424][1003]=30604261515151627
[511421][425][996]=30604261515151414
[511422][425][997]=30604261515151416
[511423][425][998]=30604261515151434
[511424][425][999]=30604261515151436
[511425][425][1000]=30604261515151614
[511426][425][1001]=30604261515151616
[511427][425][1002]=30604261515151634
[511428][425][1003]=30604261515151636
[511429][425][1004]=30604261515153414
[511430][425][1005]=30604261515153416
[511431][425][1006]=30604261515153434
[511432][425][1007]=30604261515153436
[512622][426][996]=30604261515151415
[512623][426][997]=30604261515151417
[512624][426][998]=30604261515151435
[512625][426][999]=30604261515151437
[512626][426][1000]=30604261515151615
[512627][426][1001]=30604261515151617
[512628][426][1002]=30604261515151635
[512629][426][1003]=30604261515151637
[512630][426][1004]=30604261515153415
[512631][426][1005]=30604261515153417
[512632][426][1006]=30604261515153435
[512633][426][1007]=30604261515153437
[513823][427][996]=30604261515151504
[513824][427][997]=30604261515151506
[513825][427][998]=30604261515151524
[513826][427][999]=30604261515151526
[513827][427][1000]=30604261515151704
[513828][427][1001]=30604261515151706
[513829][427][1002]=30604261515151724
[513830][427][1003]=30604261515151726
[513831][427][1004]=30604261515153504
[513832][427][1005]=30604261515153506
[513833][427][1006]=30604261515153524
[513834][427][1007]=30604261515153526
[513835][427][1008]=30604261515153704
[513836][427][1009]=30604261515153706
[515024][428][996]=30604261515151505
[515025][428][997]=30604261515151507
[515026][428][998]=30604261515151525
[515027][428][999]=30604261515151527
[515028][428][1000]=30604261515151705
[515029][428][1001]=30604261515151707
[515030][428][1002]=30604261515151725
[515031][428][1003]=30604261515151727
[515032][428][1004]=30604261515153505
[515033][428][1005]=30604261515153507
[515034][428][1006]=30604261515153525
[515035][428][1007]=30604261515153527
[515036][428][1008]=30604261515153705
[515037][428][1009]=30604261515153707
[516225][429][996]=30604261515151514
[516226][429][997]=30604261515151516
[516227][429][998]=30604261515151534
[516228][429][999]=30604261515151536
[516229][429][1000]=30604261515151714
[516230][429][1001]=30604261515151716
[516231][429][1002]=30604261515151734
[516232][429][1003]=30604261515151736
[516233][429][1004]=30604261515153514
[516234][429][1005]=30604261515153516
[516235][429][1006]=30604261515153534
[516236][429][1007]=30604261515153536
[516237][429][1008]=30604261515153714
[516238][429][1009]=30604261515153716
[516239][429][1010]=30604261515153734
[516240][429][1011]=30604261515153736
[517426][430][996]=30604261515151515
[517427][430][997]=30604261515151517
[517428][430][998]=30604261515151535
[517429][430][999]=30604261515151537
[517430][430][1000]=30604261515151715
[517431][430][1001]=30604261515151717
[517432][430][1002]=30604261515151735
[517433][430][1003]=30604261515151737
[517434][430][1004]=30604261515153515
[517435][430][1005]=30604261515153517
[517436][430][1006]=30604261515153535
[517437][430][1007]=30604261515153537
[517438][430][1008]=30604261515153715
[517439][430][1009]=30604261515153717
[517440][430][1010]=30604261515153735
[517441][430][1011]=30604261515153737
