[280708][265][868]=30604243725051414
[280709][265][869]=30604243725051416
[280710][265][870]=30604243725051434
[280711][265][871]=30604243725051436
[281764][266][868]=30604243725051415
[281765][266][869]=30604243725051417
[281766][266][870]=30604243725051435
[281767][266][871]=30604243725051437
[282820][267][868]=30604243725051504
[282821][267][869]=30604243725051506
[282822][267][870]=30604243725051524
[282823][267][871]=30604243725051526
[282824][267][872]=30604243725051704
[282825][267][873]=30604243725051706
[282826][267][874]=30604243725051724
[282827][267][875]=30604243725051726
[283876][268][868]=30604243725051505
[283877][268][869]=30604243725051507
[283878][268][870]=30604243725051525
[283879][268][871]=30604243725051527
[283880][268][872]=30604243725051705
[283881][268][873]=30604243725051707
[283882][268][874]=30604243725051725
[283883][268][875]=30604243725051727
[284932][269][868]=30604243725051514
[284933][269][869]=30604243725051516
[284934][269][870]=30604243725051534
[284935][269][871]=30604243725051536
[284936][269][872]=30604243725051714
[284937][269][873]=30604243725051716
[284938][269][874]=30604243725051734
[284939][269][875]=30604243725051736
[284940][269][876]=30604243725053514
[284941][269][877]=30604243725053516
[284942][269][878]=30604243725053534
[284943][269][879]=30604243725053536
[285988][270][868]=30604243725051515
[285989][270][869]=30604243725051517
[285990][270][870]=30604243725051535
[285991][270][871]=30604243725051537
[285992][270][872]=30604243725051715
[285993][270][873]=30604243725051717
[285994][270][874]=30604243725051735
[285995][270][875]=30604243725051737
[285996][270][876]=30604243725053515
[285997][270][877]=30604243725053517
[285998][270][878]=30604243725053535
[285999][270][879]=30604243725053537
[287044][271][868]=30604243725140404
[287045][271][869]=30604243725140406
[287046][271][870]=30604243725140424
[287047][271][871]=30604243725140426
[287048][271][872]=30604243725140604
[287049][271][873]=30604243725140606
[287050][271][874]=30604243725140624
[287051][271][875]=30604243725140626
[287052][271][876]=30604243725142404
[287053][271][877]=30604243725142406
[287054][271][878]=30604243725142424
[287055][271][879]=30604243725142426
[287056][271][880]=30604243725142604
[287057][271][881]=30604243725142606
[287058][271][882]=30604243725142624
[287059][271][883]=30604243725142626
[288100][272][868]=30604243725140405
[288101][272][869]=30604243725140407
[288102][272][870]=30604243725140425
[288103][272][871]=30604243725140427
[288104][272][872]=30604243725140605
[288105][272][873]=30604243725140607
[288106][272][874]=30604243725140625
[288107][272][875]=30604243725140627
[288108][272][876]=30604243725142405
[288109][272][877]=30604243725142407
[288110][272][878]=30604243725142425
[288111][272][879]=30604243725142427
[288112][272][880]=30604243725142605
[288113][272][881]=30604243725142607
[288114][272][882]=30604243725142625
[288115][272][883]=30604243725142627
[289156][273][868]=30604243725140414
[289157][273][869]=30604243725140416
[289158][273][870]=30604243725140434
[289159][273][871]=30604243725140436
[289160][273][872]=30604243725140614
[289161][273][873]=30604243725140616
[289162][273][874]=30604243725140634
[289163][273][875]=30604243725140636
[289164][273][876]=30604243725142414
[289165][273][877]=30604243725142416
[289166][273][878]=30604243725142434
[289167][273][879]=30604243725142436
[289168][273][880]=30604243725142614
[289169][273][881]=30604243725142616
[289170][273][882]=30604243725142634
[289171][273][883]=30604243725142636
[289172][273][884]=30604243725160414
[289173][273][885]=30604243725160416
[289174][273][886]=30604243725160434
[289175][273][887]=30604243725160436
[290212][274][868]=30604243725140415
[290213][274][869]=30604243725140417
[290214][274][870]=30604243725140435
[290215][274][871]=30604243725140437
[290216][274][872]=30604243725140615
[290217][274][873]=30604243725140617
[290218][274][874]=30604243725140635
[290219][274][875]=30604243725140637
[290220][274][876]=30604243725142415
[290221][274][877]=30604243725142417
[290222][274][878]=30604243725142435
[290223][274][879]=30604243725142437
[290224][274][880]=30604243725142615
[290225][274][881]=30604243725142617
[290226][274][882]=30604243725142635
[290227][274][883]=30604243725142637
[290228][274][884]=30604243725160415
[290229][274][885]=30604243725160417
[290230][274][886]=30604243725160435
[290231][274][887]=30604243725160437
[291268][275][868]=30604243725140504
[291269][275][869]=30604243725140506
[291270][275][870]=30604243725140524
[291271][275][871]=30604243725140526
[291272][275][872]=30604243725140704
[291273][275][873]=30604243725140706
[291274][275][874]=30604243725140724
[291275][275][875]=30604243725140726
[291276][275][876]=30604243725142504
[291277][275][877]=30604243725142506
[291278][275][878]=30604243725142524
[291279][275][879]=30604243725142526
[291280][275][880]=30604243725142704
[291281][275][881]=30604243725142706
[291282][275][882]=30604243725142724
[291283][275][883]=30604243725142726
[291284][275][884]=30604243725160504
[291285][275][885]=30604243725160506
[291286][275][886]=30604243725160524
[291287][275][887]=30604243725160526
[291288][275][888]=30604243725160704
[291289][275][889]=30604243725160706
[291290][275][890]=30604243725160724
[291291][275][891]=30604243725160726
[292324][276][868]=30604243725140505
[292325][276][869]=30604243725140507
[292326][276][870]=30604243725140525
[292327][276][871]=30604243725140527
[292328][276][872]=30604243725140705
[292329][276][873]=30604243725140707
[292330][276][874]=30604243725140725
[292331][276][875]=30604243725140727
[292332][276][876]=30604243725142505
[292333][276][877]=30604243725142507
[292334][276][878]=30604243725142525
[292335][276][879]=30604243725142527
[292336][276][880]=30604243725142705
[292337][276][881]=30604243725142707
[292338][276][882]=30604243725142725
[292339][276][883]=30604243725142727
[292340][276][884]=30604243725160505
[292341][276][885]=30604243725160507
[292342][276][886]=30604243725160525
[292343][276][887]=30604243725160527
[292344][276][888]=30604243725160705
[292345][276][889]=30604243725160707
[292346][276][890]=30604243725160725
[292347][276][891]=30604243725160727
[293380][277][868]=30604243725140514
[293381][277][869]=30604243725140516
[293382][277][870]=30604243725140534
[293383][277][871]=30604243725140536
[293384][277][872]=30604243725140714
[293385][277][873]=30604243725140716
[293386][277][874]=30604243725140734
[293387][277][875]=30604243725140736
[293388][277][876]=30604243725142514
[293389][277][877]=30604243725142516
[293390][277][878]=30604243725142534
[293391][277][879]=30604243725142536
[293392][277][880]=30604243725142714
[293393][277][881]=30604243725142716
[293394][277][882]=30604243725142734
[293395][277][883]=30604243725142736
[293396][277][884]=30604243725160514
[293397][277][885]=30604243725160516
[293398][277][886]=30604243725160534
[293399][277][887]=30604243725160536
[293400][277][888]=30604243725160714
[293401][277][889]=30604243725160716
[293402][277][890]=30604243725160734
[293403][277][891]=30604243725160736
[293404][277][892]=30604243725162514
[293405][277][893]=30604243725162516
[293406][277][894]=30604243725162534
[293407][277][895]=30604243725162536
[294436][278][868]=30604243725140515
[294437][278][869]=30604243725140517
[294438][278][870]=30604243725140535
[294439][278][871]=30604243725140537
[294440][278][872]=30604243725140715
[294441][278][873]=30604243725140717
[294442][278][874]=30604243725140735
[294443][278][875]=30604243725140737
[294444][278][876]=30604243725142515
[294445][278][877]=30604243725142517
[294446][278][878]=30604243725142535
[294447][278][879]=30604243725142537
[294448][278][880]=30604243725142715
[294449][278][881]=30604243725142717
[294450][278][882]=30604243725142735
[294451][278][883]=30604243725142737
[294452][278][884]=30604243725160515
[294453][278][885]=30604243725160517
[294454][278][886]=30604243725160535
[294455][278][887]=30604243725160537
[294456][278][888]=30604243725160715
[294457][278][889]=30604243725160717
[294458][278][890]=30604243725160735
[294459][278][891]=30604243725160737
[294460][278][892]=30604243725162515
[294461][278][893]=30604243725162517
[294462][278][894]=30604243725162535
[294463][278][895]=30604243725162537
[295492][279][868]=30604243725141404
[295493][279][869]=30604243725141406
[295494][279][870]=30604243725141424
[295495][279][871]=30604243725141426
[295496][279][872]=30604243725141604
[295497][279][873]=30604243725141606
[295498][279][874]=30604243725141624
[295499][279][875]=30604243725141626
[295500][279][876]=30604243725143404
[295501][279][877]=30604243725143406
[295502][279][878]=30604243725143424
[295503][279][879]=30604243725143426
[295504][279][880]=30604243725143604
[295505][279][881]=30604243725143606
[295506][279][882]=30604243725143624
[295507][279][883]=30604243725143626
[295508][279][884]=30604243725161404
[295509][279][885]=30604243725161406
[295510][279][886]=30604243725161424
[295511][279][887]=30604243725161426
[295512][279][888]=30604243725161604
[295513][279][889]=30604243725161606
[295514][279][890]=30604243725161624
[295515][279][891]=30604243725161626
[295516][279][892]=30604243725163404
[295517][279][893]=30604243725163406
[295518][279][894]=30604243725163424
[295519][279][895]=30604243725163426
[295520][279][896]=30604243725163604
[295521][279][897]=30604243725163606
[295522][279][898]=30604243725163624
[295523][279][899]=30604243725163626
[296548][280][868]=30604243725141405
[296549][280][869]=30604243725141407
[296550][280][870]=30604243725141425
[296551][280][871]=30604243725141427
[296552][280][872]=30604243725141605
[296553][280][873]=30604243725141607
[296554][280][874]=30604243725141625
[296555][280][875]=30604243725141627
[296556][280][876]=30604243725143405
[296557][280][877]=30604243725143407
[296558][280][878]=30604243725143425
[296559][280][879]=30604243725143427
[296560][280][880]=30604243725143605
[296561][280][881]=30604243725143607
[296562][280][882]=30604243725143625
[296563][280][883]=30604243725143627
[296564][280][884]=30604243725161405
[296565][280][885]=30604243725161407
[296566][280][886]=30604243725161425
[296567][280][887]=30604243725161427
[296568][280][888]=30604243725161605
[296569][280][889]=30604243725161607
[296570][280][890]=30604243725161625
[296571][280][891]=30604243725161627
[296572][280][892]=30604243725163405
[296573][280][893]=30604243725163407
[296574][280][894]=30604243725163425
[296575][280][895]=30604243725163427
[296576][280][896]=30604243725163605
[296577][280][897]=30604243725163607
[296578][280][898]=30604243725163625
[296579][280][899]=30604243725163627
[297604][281][868]=30604243725141414
[297605][281][869]=30604243725141416
[297606][281][870]=30604243725141434
[297607][281][871]=30604243725141436
[297608][281][872]=30604243725141614
[297609][281][873]=30604243725141616
[297610][281][874]=30604243725141634
[297611][281][875]=30604243725141636
[297612][281][876]=30604243725143414
[297613][281][877]=30604243725143416
[297614][281][878]=30604243725143434
[297615][281][879]=30604243725143436
[297616][281][880]=30604243725143614
[297617][281][881]=30604243725143616
[297618][281][882]=30604243725143634
[297619][281][883]=30604243725143636
[297620][281][884]=30604243725161414
[297621][281][885]=30604243725161416
[297622][281][886]=30604243725161434
[297623][281][887]=30604243725161436
[297624][281][888]=30604243725161614
[297625][281][889]=30604243725161616
[297626][281][890]=30604243725161634
[297627][281][891]=30604243725161636
[297628][281][892]=30604243725163414
[297629][281][893]=30604243725163416
[297630][281][894]=30604243725163434
[297631][281][895]=30604243725163436
[297632][281][896]=30604243725163614
[297633][281][897]=30604243725163616
[297634][281][898]=30604243725163634
[297635][281][899]=30604243725163636
[297636][281][900]=30604243725341414
[297637][281][901]=30604243725341416
[297638][281][902]=30604243725341434
[297639][281][903]=30604243725341436
[298660][282][868]=30604243725141415
[298661][282][869]=30604243725141417
[298662][282][870]=30604243725141435
[298663][282][871]=30604243725141437
[298664][282][872]=30604243725141615
[298665][282][873]=30604243725141617
[298666][282][874]=30604243725141635
[298667][282][875]=30604243725141637
[298668][282][876]=30604243725143415
[298669][282][877]=30604243725143417
[298670][282][878]=30604243725143435
[298671][282][879]=30604243725143437
[298672][282][880]=30604243725143615
[298673][282][881]=30604243725143617
[298674][282][882]=30604243725143635
[298675][282][883]=30604243725143637
[298676][282][884]=30604243725161415
[298677][282][885]=30604243725161417
[298678][282][886]=30604243725161435
[298679][282][887]=30604243725161437
[298680][282][888]=30604243725161615
[298681][282][889]=30604243725161617
[298682][282][890]=30604243725161635
[298683][282][891]=30604243725161637
[298684][282][892]=30604243725163415
[298685][282][893]=30604243725163417
[298686][282][894]=30604243725163435
[298687][282][895]=30604243725163437
[298688][282][896]=30604243725163615
[298689][282][897]=30604243725163617
[298690][282][898]=30604243725163635
[298691][282][899]=30604243725163637
[298692][282][900]=30604243725341415
[298693][282][901]=30604243725341417
[298694][282][902]=30604243725341435
[298695][282][903]=30604243725341437
[299716][283][868]=30604243725141504
[299717][283][869]=30604243725141506
[299718][283][870]=30604243725141524
[299719][283][871]=30604243725141526
[299720][283][872]=30604243725141704
[299721][283][873]=30604243725141706
[299722][283][874]=30604243725141724
[299723][283][875]=30604243725141726
[299724][283][876]=30604243725143504
[299725][283][877]=30604243725143506
[299726][283][878]=30604243725143524
[299727][283][879]=30604243725143526
[299728][283][880]=30604243725143704
[299729][283][881]=30604243725143706
[299730][283][882]=30604243725143724
[299731][283][883]=30604243725143726
[299732][283][884]=30604243725161504
[299733][283][885]=30604243725161506
[299734][283][886]=30604243725161524
[299735][283][887]=30604243725161526
[299736][283][888]=30604243725161704
[299737][283][889]=30604243725161706
[299738][283][890]=30604243725161724
[299739][283][891]=30604243725161726
[299740][283][892]=30604243725163504
[299741][283][893]=30604243725163506
[299742][283][894]=30604243725163524
[299743][283][895]=30604243725163526
[299744][283][896]=30604243725163704
[299745][283][897]=30604243725163706
[299746][283][898]=30604243725163724
[299747][283][899]=30604243725163726
[299748][283][900]=30604243725341504
[299749][283][901]=30604243725341506
[299750][283][902]=30604243725341524
[299751][283][903]=30604243725341526
[299752][283][904]=30604243725341704
[299753][283][905]=30604243725341706
[300772][284][868]=30604243725141505
[300773][284][869]=30604243725141507
[300774][284][870]=30604243725141525
[300775][284][871]=30604243725141527
[300776][284][872]=30604243725141705
[300777][284][873]=30604243725141707
[300778][284][874]=30604243725141725
[300779][284][875]=30604243725141727
[300780][284][876]=30604243725143505
[300781][284][877]=30604243725143507
[300782][284][878]=30604243725143525
[300783][284][879]=30604243725143527
[300784][284][880]=30604243725143705
[300785][284][881]=30604243725143707
[300786][284][882]=30604243725143725
[300787][284][883]=30604243725143727
[300788][284][884]=30604243725161505
[300789][284][885]=30604243725161507
[300790][284][886]=30604243725161525
[300791][284][887]=30604243725161527
[300792][284][888]=30604243725161705
[300793][284][889]=30604243725161707
[300794][284][890]=30604243725161725
[300795][284][891]=30604243725161727
[300796][284][892]=30604243725163505
[300797][284][893]=30604243725163507
[300798][284][894]=30604243725163525
[300799][284][895]=30604243725163527
[300800][284][896]=30604243725163705
[300801][284][897]=30604243725163707
[300802][284][898]=30604243725163725
[300803][284][899]=30604243725163727
[300804][284][900]=30604243725341505
[300805][284][901]=30604243725341507
[300806][284][902]=30604243725341525
[300807][284][903]=30604243725341527
[300808][284][904]=30604243725341705
[300809][284][905]=30604243725341707
[301828][285][868]=30604243725141514
[301829][285][869]=30604243725141516
[301830][285][870]=30604243725141534
[301831][285][871]=30604243725141536
[301832][285][872]=30604243725141714
[301833][285][873]=30604243725141716
[301834][285][874]=30604243725141734
[301835][285][875]=30604243725141736
[301836][285][876]=30604243725143514
[301837][285][877]=30604243725143516
[301838][285][878]=30604243725143534
[301839][285][879]=30604243725143536
[301840][285][880]=30604243725143714
[301841][285][881]=30604243725143716
[301842][285][882]=30604243725143734
[301843][285][883]=30604243725143736
[301844][285][884]=30604243725161514
[301845][285][885]=30604243725161516
[301846][285][886]=30604243725161534
[301847][285][887]=30604243725161536
[301848][285][888]=30604243725161714
[301849][285][889]=30604243725161716
[301850][285][890]=30604243725161734
[301851][285][891]=30604243725161736
[301852][285][892]=30604243725163514
[301853][285][893]=30604243725163516
[301854][285][894]=30604243725163534
[301855][285][895]=30604243725163536
[301856][285][896]=30604243725163714
[301857][285][897]=30604243725163716
[301858][285][898]=30604243725163734
[301859][285][899]=30604243725163736
[301860][285][900]=30604243725341514
[301861][285][901]=30604243725341516
[301862][285][902]=30604243725341534
[301863][285][903]=30604243725341536
[301864][285][904]=30604243725341714
[301865][285][905]=30604243725341716
[301866][285][906]=30604243725341734
[301867][285][907]=30604243725341736
[301868][285][908]=30604243725343514
[301869][285][909]=30604243725343516
[301870][285][910]=30604243725343534
[301871][285][911]=30604243725343536
[301872][285][912]=30604243725343714
[301873][285][913]=30604243725343716
[301874][285][914]=30604243725343734
[301875][285][915]=30604243725343736
[301876][285][916]=30604243725361514
[301877][285][917]=30604243725361516
[301878][285][918]=30604243725361534
[301879][285][919]=30604243725361536
[301880][285][920]=30604243725361714
[301881][285][921]=30604243725361716
[302884][286][868]=30604243725141515
[302885][286][869]=30604243725141517
[302886][286][870]=30604243725141535
[302887][286][871]=30604243725141537
[302888][286][872]=30604243725141715
[302889][286][873]=30604243725141717
[302890][286][874]=30604243725141735
[302891][286][875]=30604243725141737
[302892][286][876]=30604243725143515
[302893][286][877]=30604243725143517
[302894][286][878]=30604243725143535
[302895][286][879]=30604243725143537
[302896][286][880]=30604243725143715
[302897][286][881]=30604243725143717
[302898][286][882]=30604243725143735
[302899][286][883]=30604243725143737
[302900][286][884]=30604243725161515
[302901][286][885]=30604243725161517
[302902][286][886]=30604243725161535
[302903][286][887]=30604243725161537
[302904][286][888]=30604243725161715
[302905][286][889]=30604243725161717
[302906][286][890]=30604243725161735
[302907][286][891]=30604243725161737
[302908][286][892]=30604243725163515
[302909][286][893]=30604243725163517
[302910][286][894]=30604243725163535
[302911][286][895]=30604243725163537
[302912][286][896]=30604243725163715
[302913][286][897]=30604243725163717
[302914][286][898]=30604243725163735
[302915][286][899]=30604243725163737
[302916][286][900]=30604243725341515
[302917][286][901]=30604243725341517
[302918][286][902]=30604243725341535
[302919][286][903]=30604243725341537
[302920][286][904]=30604243725341715
[302921][286][905]=30604243725341717
[302922][286][906]=30604243725341735
[302923][286][907]=30604243725341737
[302924][286][908]=30604243725343515
[302925][286][909]=30604243725343517
[302926][286][910]=30604243725343535
[302927][286][911]=30604243725343537
[302928][286][912]=30604243725343715
[302929][286][913]=30604243725343717
[302930][286][914]=30604243725343735
[302931][286][915]=30604243725343737
[302932][286][916]=30604243725361515
[302933][286][917]=30604243725361517
[302934][286][918]=30604243725361535
[302935][286][919]=30604243725361537
[302936][286][920]=30604243725361715
[302937][286][921]=30604243725361717
[303940][287][868]=30604243725150404
[303941][287][869]=30604243725150406
[303942][287][870]=30604243725150424
[303943][287][871]=30604243725150426
[303944][287][872]=30604243725150604
[303945][287][873]=30604243725150606
[303946][287][874]=30604243725150624
[303947][287][875]=30604243725150626
[303948][287][876]=30604243725152404
[303949][287][877]=30604243725152406
[303950][287][878]=30604243725152424
[303951][287][879]=30604243725152426
[303952][287][880]=30604243725152604
[303953][287][881]=30604243725152606
[303954][287][882]=30604243725152624
[303955][287][883]=30604243725152626
[303956][287][884]=30604243725170404
[303957][287][885]=30604243725170406
[303958][287][886]=30604243725170424
[303959][287][887]=30604243725170426
[303960][287][888]=30604243725170604
[303961][287][889]=30604243725170606
[303962][287][890]=30604243725170624
[303963][287][891]=30604243725170626
[303964][287][892]=30604243725172404
[303965][287][893]=30604243725172406
[303966][287][894]=30604243725172424
[303967][287][895]=30604243725172426
[303968][287][896]=30604243725172604
[303969][287][897]=30604243725172606
[303970][287][898]=30604243725172624
[303971][287][899]=30604243725172626
[303972][287][900]=30604243725350404
[303973][287][901]=30604243725350406
[303974][287][902]=30604243725350424
[303975][287][903]=30604243725350426
[303976][287][904]=30604243725350604
[303977][287][905]=30604243725350606
[303978][287][906]=30604243725350624
[303979][287][907]=30604243725350626
[303980][287][908]=30604243725352404
[303981][287][909]=30604243725352406
[303982][287][910]=30604243725352424
[303983][287][911]=30604243725352426
[303984][287][912]=30604243725352604
[303985][287][913]=30604243725352606
[303986][287][914]=30604243725352624
[303987][287][915]=30604243725352626
[303988][287][916]=30604243725370404
[303989][287][917]=30604243725370406
[303990][287][918]=30604243725370424
[303991][287][919]=30604243725370426
[303992][287][920]=30604243725370604
[303993][287][921]=30604243725370606
[303994][287][922]=30604243725370624
[303995][287][923]=30604243725370626
[304996][288][868]=30604243725150405
[304997][288][869]=30604243725150407
[304998][288][870]=30604243725150425
[304999][288][871]=30604243725150427
[305000][288][872]=30604243725150605
[305001][288][873]=30604243725150607
[305002][288][874]=30604243725150625
[305003][288][875]=30604243725150627
[305004][288][876]=30604243725152405
[305005][288][877]=30604243725152407
[305006][288][878]=30604243725152425
[305007][288][879]=30604243725152427
[305008][288][880]=30604243725152605
[305009][288][881]=30604243725152607
[305010][288][882]=30604243725152625
[305011][288][883]=30604243725152627
[305012][288][884]=30604243725170405
[305013][288][885]=30604243725170407
[305014][288][886]=30604243725170425
[305015][288][887]=30604243725170427
[305016][288][888]=30604243725170605
[305017][288][889]=30604243725170607
[305018][288][890]=30604243725170625
[305019][288][891]=30604243725170627
[305020][288][892]=30604243725172405
[305021][288][893]=30604243725172407
[305022][288][894]=30604243725172425
[305023][288][895]=30604243725172427
[305024][288][896]=30604243725172605
[305025][288][897]=30604243725172607
[305026][288][898]=30604243725172625
[305027][288][899]=30604243725172627
[305028][288][900]=30604243725350405
[305029][288][901]=30604243725350407
[305030][288][902]=30604243725350425
[305031][288][903]=30604243725350427
[305032][288][904]=30604243725350605
[305033][288][905]=30604243725350607
[305034][288][906]=30604243725350625
[305035][288][907]=30604243725350627
[305036][288][908]=30604243725352405
[305037][288][909]=30604243725352407
[305038][288][910]=30604243725352425
[305039][288][911]=30604243725352427
[305040][288][912]=30604243725352605
[305041][288][913]=30604243725352607
[305042][288][914]=30604243725352625
[305043][288][915]=30604243725352627
[305044][288][916]=30604243725370405
[305045][288][917]=30604243725370407
[305046][288][918]=30604243725370425
[305047][288][919]=30604243725370427
[305048][288][920]=30604243725370605
[305049][288][921]=30604243725370607
[305050][288][922]=30604243725370625
[305051][288][923]=30604243725370627
[306052][289][868]=30604243725150414
[306053][289][869]=30604243725150416
[306054][289][870]=30604243725150434
[306055][289][871]=30604243725150436
[306056][289][872]=30604243725150614
[306057][289][873]=30604243725150616
[306058][289][874]=30604243725150634
[306059][289][875]=30604243725150636
[306060][289][876]=30604243725152414
[306061][289][877]=30604243725152416
[306062][289][878]=30604243725152434
[306063][289][879]=30604243725152436
[306064][289][880]=30604243725152614
[306065][289][881]=30604243725152616
[306066][289][882]=30604243725152634
[306067][289][883]=30604243725152636
[306068][289][884]=30604243725170414
[306069][289][885]=30604243725170416
[306070][289][886]=30604243725170434
[306071][289][887]=30604243725170436
[306072][289][888]=30604243725170614
[306073][289][889]=30604243725170616
[306074][289][890]=30604243725170634
[306075][289][891]=30604243725170636
[306076][289][892]=30604243725172414
[306077][289][893]=30604243725172416
[306078][289][894]=30604243725172434
[306079][289][895]=30604243725172436
[306080][289][896]=30604243725172614
[306081][289][897]=30604243725172616
[306082][289][898]=30604243725172634
[306083][289][899]=30604243725172636
[306084][289][900]=30604243725350414
[306085][289][901]=30604243725350416
[306086][289][902]=30604243725350434
[306087][289][903]=30604243725350436
[306088][289][904]=30604243725350614
[306089][289][905]=30604243725350616
[306090][289][906]=30604243725350634
[306091][289][907]=30604243725350636
[306092][289][908]=30604243725352414
[306093][289][909]=30604243725352416
[306094][289][910]=30604243725352434
[306095][289][911]=30604243725352436
[306096][289][912]=30604243725352614
[306097][289][913]=30604243725352616
[306098][289][914]=30604243725352634
[306099][289][915]=30604243725352636
[306100][289][916]=30604243725370414
[306101][289][917]=30604243725370416
[306102][289][918]=30604243725370434
[306103][289][919]=30604243725370436
[306104][289][920]=30604243725370614
[306105][289][921]=30604243725370616
[306106][289][922]=30604243725370634
[306107][289][923]=30604243725370636
[306108][289][924]=30604243725372414
[306109][289][925]=30604243725372416
[307108][290][868]=30604243725150415
[307109][290][869]=30604243725150417
[307110][290][870]=30604243725150435
[307111][290][871]=30604243725150437
[307112][290][872]=30604243725150615
[307113][290][873]=30604243725150617
[307114][290][874]=30604243725150635
[307115][290][875]=30604243725150637
[307116][290][876]=30604243725152415
[307117][290][877]=30604243725152417
[307118][290][878]=30604243725152435
[307119][290][879]=30604243725152437
[307120][290][880]=30604243725152615
[307121][290][881]=30604243725152617
[307122][290][882]=30604243725152635
[307123][290][883]=30604243725152637
[307124][290][884]=30604243725170415
[307125][290][885]=30604243725170417
[307126][290][886]=30604243725170435
[307127][290][887]=30604243725170437
[307128][290][888]=30604243725170615
[307129][290][889]=30604243725170617
[307130][290][890]=30604243725170635
[307131][290][891]=30604243725170637
[307132][290][892]=30604243725172415
[307133][290][893]=30604243725172417
[307134][290][894]=30604243725172435
[307135][290][895]=30604243725172437
[307136][290][896]=30604243725172615
[307137][290][897]=30604243725172617
[307138][290][898]=30604243725172635
[307139][290][899]=30604243725172637
[307140][290][900]=30604243725350415
[307141][290][901]=30604243725350417
[307142][290][902]=30604243725350435
[307143][290][903]=30604243725350437
[307144][290][904]=30604243725350615
[307145][290][905]=30604243725350617
[307146][290][906]=30604243725350635
[307147][290][907]=30604243725350637
[307148][290][908]=30604243725352415
[307149][290][909]=30604243725352417
[307150][290][910]=30604243725352435
[307151][290][911]=30604243725352437
[307152][290][912]=30604243725352615
[307153][290][913]=30604243725352617
[307154][290][914]=30604243725352635
[307155][290][915]=30604243725352637
[307156][290][916]=30604243725370415
[307157][290][917]=30604243725370417
[307158][290][918]=30604243725370435
[307159][290][919]=30604243725370437
[307160][290][920]=30604243725370615
[307161][290][921]=30604243725370617
[307162][290][922]=30604243725370635
[307163][290][923]=30604243725370637
[307164][290][924]=30604243725372415
[307165][290][925]=30604243725372417
[308164][291][868]=30604243725150504
[308165][291][869]=30604243725150506
[308166][291][870]=30604243725150524
[308167][291][871]=30604243725150526
[308168][291][872]=30604243725150704
[308169][291][873]=30604243725150706
[308170][291][874]=30604243725150724
[308171][291][875]=30604243725150726
[308172][291][876]=30604243725152504
[308173][291][877]=30604243725152506
[308174][291][878]=30604243725152524
[308175][291][879]=30604243725152526
[308176][291][880]=30604243725152704
[308177][291][881]=30604243725152706
[308178][291][882]=30604243725152724
[308179][291][883]=30604243725152726
[308180][291][884]=30604243725170504
[308181][291][885]=30604243725170506
[308182][291][886]=30604243725170524
[308183][291][887]=30604243725170526
[308184][291][888]=30604243725170704
[308185][291][889]=30604243725170706
[308186][291][890]=30604243725170724
[308187][291][891]=30604243725170726
[308188][291][892]=30604243725172504
[308189][291][893]=30604243725172506
[308190][291][894]=30604243725172524
[308191][291][895]=30604243725172526
[308192][291][896]=30604243725172704
[308193][291][897]=30604243725172706
[308194][291][898]=30604243725172724
[308195][291][899]=30604243725172726
[308196][291][900]=30604243725350504
[308197][291][901]=30604243725350506
[308198][291][902]=30604243725350524
[308199][291][903]=30604243725350526
[308200][291][904]=30604243725350704
[308201][291][905]=30604243725350706
[308202][291][906]=30604243725350724
[308203][291][907]=30604243725350726
[308204][291][908]=30604243725352504
[308205][291][909]=30604243725352506
[308206][291][910]=30604243725352524
[308207][291][911]=30604243725352526
[308208][291][912]=30604243725352704
[308209][291][913]=30604243725352706
[308210][291][914]=30604243725352724
[308211][291][915]=30604243725352726
[308212][291][916]=30604243725370504
[308213][291][917]=30604243725370506
[308214][291][918]=30604243725370524
[308215][291][919]=30604243725370526
[308216][291][920]=30604243725370704
[308217][291][921]=30604243725370706
[308218][291][922]=30604243725370724
[308219][291][923]=30604243725370726
[308220][291][924]=30604243725372504
[308221][291][925]=30604243725372506
[308222][291][926]=30604243725372524
[308223][291][927]=30604243725372526
[309220][292][868]=30604243725150505
[309221][292][869]=30604243725150507
[309222][292][870]=30604243725150525
[309223][292][871]=30604243725150527
[309224][292][872]=30604243725150705
[309225][292][873]=30604243725150707
[309226][292][874]=30604243725150725
[309227][292][875]=30604243725150727
[309228][292][876]=30604243725152505
[309229][292][877]=30604243725152507
[309230][292][878]=30604243725152525
[309231][292][879]=30604243725152527
[309232][292][880]=30604243725152705
[309233][292][881]=30604243725152707
[309234][292][882]=30604243725152725
[309235][292][883]=30604243725152727
[309236][292][884]=30604243725170505
[309237][292][885]=30604243725170507
[309238][292][886]=30604243725170525
[309239][292][887]=30604243725170527
[309240][292][888]=30604243725170705
[309241][292][889]=30604243725170707
[309242][292][890]=30604243725170725
[309243][292][891]=30604243725170727
[309244][292][892]=30604243725172505
[309245][292][893]=30604243725172507
[309246][292][894]=30604243725172525
[309247][292][895]=30604243725172527
[309248][292][896]=30604243725172705
[309249][292][897]=30604243725172707
[309250][292][898]=30604243725172725
[309251][292][899]=30604243725172727
[309252][292][900]=30604243725350505
[309253][292][901]=30604243725350507
[309254][292][902]=30604243725350525
[309255][292][903]=30604243725350527
[309256][292][904]=30604243725350705
[309257][292][905]=30604243725350707
[309258][292][906]=30604243725350725
[309259][292][907]=30604243725350727
[309260][292][908]=30604243725352505
[309261][292][909]=30604243725352507
[309262][292][910]=30604243725352525
[309263][292][911]=30604243725352527
[309264][292][912]=30604243725352705
[309265][292][913]=30604243725352707
[309266][292][914]=30604243725352725
[309267][292][915]=30604243725352727
[309268][292][916]=30604243725370505
[309269][292][917]=30604243725370507
[309270][292][918]=30604243725370525
[309271][292][919]=30604243725370527
[309272][292][920]=30604243725370705
[309273][292][921]=30604243725370707
[309274][292][922]=30604243725370725
[309275][292][923]=30604243725370727
[309276][292][924]=30604243725372505
[309277][292][925]=30604243725372507
[309278][292][926]=30604243725372525
[309279][292][927]=30604243725372527
[310276][293][868]=30604243725150514
[310277][293][869]=30604243725150516
[310278][293][870]=30604243725150534
[310279][293][871]=30604243725150536
[310280][293][872]=30604243725150714
[310281][293][873]=30604243725150716
[310282][293][874]=30604243725150734
[310283][293][875]=30604243725150736
[310284][293][876]=30604243725152514
[310285][293][877]=30604243725152516
[310286][293][878]=30604243725152534
[310287][293][879]=30604243725152536
[310288][293][880]=30604243725152714
[310289][293][881]=30604243725152716
[310290][293][882]=30604243725152734
[310291][293][883]=30604243725152736
[310292][293][884]=30604243725170514
[310293][293][885]=30604243725170516
[310294][293][886]=30604243725170534
[310295][293][887]=30604243725170536
[310296][293][888]=30604243725170714
[310297][293][889]=30604243725170716
[310298][293][890]=30604243725170734
[310299][293][891]=30604243725170736
[310300][293][892]=30604243725172514
[310301][293][893]=30604243725172516
[310302][293][894]=30604243725172534
[310303][293][895]=30604243725172536
[310304][293][896]=30604243725172714
[310305][293][897]=30604243725172716
[310306][293][898]=30604243725172734
[310307][293][899]=30604243725172736
[310308][293][900]=30604243725350514
[310309][293][901]=30604243725350516
[310310][293][902]=30604243725350534
[310311][293][903]=30604243725350536
[310312][293][904]=30604243725350714
[310313][293][905]=30604243725350716
[310314][293][906]=30604243725350734
[310315][293][907]=30604243725350736
[310316][293][908]=30604243725352514
[310317][293][909]=30604243725352516
[310318][293][910]=30604243725352534
[310319][293][911]=30604243725352536
[310320][293][912]=30604243725352714
[310321][293][913]=30604243725352716
[310322][293][914]=30604243725352734
[310323][293][915]=30604243725352736
[310324][293][916]=30604243725370514
[310325][293][917]=30604243725370516
[310326][293][918]=30604243725370534
[310327][293][919]=30604243725370536
[310328][293][920]=30604243725370714
[310329][293][921]=30604243725370716
[310330][293][922]=30604243725370734
[310331][293][923]=30604243725370736
[310332][293][924]=30604243725372514
[310333][293][925]=30604243725372516
[310334][293][926]=30604243725372534
[310335][293][927]=30604243725372536
[310336][293][928]=30604243725372714
[310337][293][929]=30604243725372716
[311332][294][868]=30604243725150515
[311333][294][869]=30604243725150517
[311334][294][870]=30604243725150535
[311335][294][871]=30604243725150537
[311336][294][872]=30604243725150715
[311337][294][873]=30604243725150717
[311338][294][874]=30604243725150735
[311339][294][875]=30604243725150737
[311340][294][876]=30604243725152515
[311341][294][877]=30604243725152517
[311342][294][878]=30604243725152535
[311343][294][879]=30604243725152537
[311344][294][880]=30604243725152715
[311345][294][881]=30604243725152717
[311346][294][882]=30604243725152735
[311347][294][883]=30604243725152737
[311348][294][884]=30604243725170515
[311349][294][885]=30604243725170517
[311350][294][886]=30604243725170535
[311351][294][887]=30604243725170537
[311352][294][888]=30604243725170715
[311353][294][889]=30604243725170717
[311354][294][890]=30604243725170735
[311355][294][891]=30604243725170737
[311356][294][892]=30604243725172515
[311357][294][893]=30604243725172517
[311358][294][894]=30604243725172535
[311359][294][895]=30604243725172537
[311360][294][896]=30604243725172715
[311361][294][897]=30604243725172717
[311362][294][898]=30604243725172735
[311363][294][899]=30604243725172737
[311364][294][900]=30604243725350515
[311365][294][901]=30604243725350517
[311366][294][902]=30604243725350535
[311367][294][903]=30604243725350537
[311368][294][904]=30604243725350715
[311369][294][905]=30604243725350717
[311370][294][906]=30604243725350735
[311371][294][907]=30604243725350737
[311372][294][908]=30604243725352515
[311373][294][909]=30604243725352517
[311374][294][910]=30604243725352535
[311375][294][911]=30604243725352537
[311376][294][912]=30604243725352715
[311377][294][913]=30604243725352717
[311378][294][914]=30604243725352735
[311379][294][915]=30604243725352737
[311380][294][916]=30604243725370515
[311381][294][917]=30604243725370517
[311382][294][918]=30604243725370535
[311383][294][919]=30604243725370537
[311384][294][920]=30604243725370715
[311385][294][921]=30604243725370717
[311386][294][922]=30604243725370735
[311387][294][923]=30604243725370737
[311388][294][924]=30604243725372515
[311389][294][925]=30604243725372517
[311390][294][926]=30604243725372535
[311391][294][927]=30604243725372537
[311392][294][928]=30604243725372715
[311393][294][929]=30604243725372717
[312388][295][868]=30604243725151404
[312389][295][869]=30604243725151406
[312390][295][870]=30604243725151424
[312391][295][871]=30604243725151426
[312392][295][872]=30604243725151604
[312393][295][873]=30604243725151606
[312394][295][874]=30604243725151624
[312395][295][875]=30604243725151626
[312396][295][876]=30604243725153404
[312397][295][877]=30604243725153406
[312398][295][878]=30604243725153424
[312399][295][879]=30604243725153426
[312400][295][880]=30604243725153604
[312401][295][881]=30604243725153606
[312402][295][882]=30604243725153624
[312403][295][883]=30604243725153626
[312404][295][884]=30604243725171404
[312405][295][885]=30604243725171406
[312406][295][886]=30604243725171424
[312407][295][887]=30604243725171426
[312408][295][888]=30604243725171604
[312409][295][889]=30604243725171606
[312410][295][890]=30604243725171624
[312411][295][891]=30604243725171626
[312412][295][892]=30604243725173404
[312413][295][893]=30604243725173406
[312414][295][894]=30604243725173424
[312415][295][895]=30604243725173426
[312416][295][896]=30604243725173604
[312417][295][897]=30604243725173606
[312418][295][898]=30604243725173624
[312419][295][899]=30604243725173626
[312420][295][900]=30604243725351404
[312421][295][901]=30604243725351406
[312422][295][902]=30604243725351424
[312423][295][903]=30604243725351426
[312424][295][904]=30604243725351604
[312425][295][905]=30604243725351606
[312426][295][906]=30604243725351624
[312427][295][907]=30604243725351626
[312428][295][908]=30604243725353404
[312429][295][909]=30604243725353406
[312430][295][910]=30604243725353424
[312431][295][911]=30604243725353426
[312432][295][912]=30604243725353604
[312433][295][913]=30604243725353606
[312434][295][914]=30604243725353624
[312435][295][915]=30604243725353626
[312436][295][916]=30604243725371404
[312437][295][917]=30604243725371406
[312438][295][918]=30604243725371424
[312439][295][919]=30604243725371426
[312440][295][920]=30604243725371604
[312441][295][921]=30604243725371606
[312442][295][922]=30604243725371624
[312443][295][923]=30604243725371626
[312444][295][924]=30604243725373404
[312445][295][925]=30604243725373406
[312446][295][926]=30604243725373424
[312447][295][927]=30604243725373426
[312448][295][928]=30604243725373604
[312449][295][929]=30604243725373606
[313444][296][868]=30604243725151405
[313445][296][869]=30604243725151407
[313446][296][870]=30604243725151425
[313447][296][871]=30604243725151427
[313448][296][872]=30604243725151605
[313449][296][873]=30604243725151607
[313450][296][874]=30604243725151625
[313451][296][875]=30604243725151627
[313452][296][876]=30604243725153405
[313453][296][877]=30604243725153407
[313454][296][878]=30604243725153425
[313455][296][879]=30604243725153427
[313456][296][880]=30604243725153605
[313457][296][881]=30604243725153607
[313458][296][882]=30604243725153625
[313459][296][883]=30604243725153627
[313460][296][884]=30604243725171405
[313461][296][885]=30604243725171407
[313462][296][886]=30604243725171425
[313463][296][887]=30604243725171427
[313464][296][888]=30604243725171605
[313465][296][889]=30604243725171607
[313466][296][890]=30604243725171625
[313467][296][891]=30604243725171627
[313468][296][892]=30604243725173405
[313469][296][893]=30604243725173407
[313470][296][894]=30604243725173425
[313471][296][895]=30604243725173427
[313472][296][896]=30604243725173605
[313473][296][897]=30604243725173607
[313474][296][898]=30604243725173625
[313475][296][899]=30604243725173627
[313476][296][900]=30604243725351405
[313477][296][901]=30604243725351407
[313478][296][902]=30604243725351425
[313479][296][903]=30604243725351427
[313480][296][904]=30604243725351605
[313481][296][905]=30604243725351607
[313482][296][906]=30604243725351625
[313483][296][907]=30604243725351627
[313484][296][908]=30604243725353405
[313485][296][909]=30604243725353407
[313486][296][910]=30604243725353425
[313487][296][911]=30604243725353427
[313488][296][912]=30604243725353605
[313489][296][913]=30604243725353607
[313490][296][914]=30604243725353625
[313491][296][915]=30604243725353627
[313492][296][916]=30604243725371405
[313493][296][917]=30604243725371407
[313494][296][918]=30604243725371425
[313495][296][919]=30604243725371427
[313496][296][920]=30604243725371605
[313497][296][921]=30604243725371607
[313498][296][922]=30604243725371625
[313499][296][923]=30604243725371627
[313500][296][924]=30604243725373405
[313501][296][925]=30604243725373407
[313502][296][926]=30604243725373425
[313503][296][927]=30604243725373427
[313504][296][928]=30604243725373605
[313505][296][929]=30604243725373607
[314500][297][868]=30604243725151414
[314501][297][869]=30604243725151416
[314502][297][870]=30604243725151434
[314503][297][871]=30604243725151436
[314504][297][872]=30604243725151614
[314505][297][873]=30604243725151616
[314506][297][874]=30604243725151634
[314507][297][875]=30604243725151636
[314508][297][876]=30604243725153414
[314509][297][877]=30604243725153416
[314510][297][878]=30604243725153434
[314511][297][879]=30604243725153436
[314512][297][880]=30604243725153614
[314513][297][881]=30604243725153616
[314514][297][882]=30604243725153634
[314515][297][883]=30604243725153636
[314516][297][884]=30604243725171414
[314517][297][885]=30604243725171416
[314518][297][886]=30604243725171434
[314519][297][887]=30604243725171436
[314520][297][888]=30604243725171614
[314521][297][889]=30604243725171616
[314522][297][890]=30604243725171634
[314523][297][891]=30604243725171636
[314524][297][892]=30604243725173414
[314525][297][893]=30604243725173416
[314526][297][894]=30604243725173434
[314527][297][895]=30604243725173436
[314528][297][896]=30604243725173614
[314529][297][897]=30604243725173616
[314530][297][898]=30604243725173634
[314531][297][899]=30604243725173636
[314532][297][900]=30604243725351414
[314533][297][901]=30604243725351416
[314534][297][902]=30604243725351434
[314535][297][903]=30604243725351436
[314536][297][904]=30604243725351614
[314537][297][905]=30604243725351616
[314538][297][906]=30604243725351634
[314539][297][907]=30604243725351636
[314540][297][908]=30604243725353414
[314541][297][909]=30604243725353416
[314542][297][910]=30604243725353434
[314543][297][911]=30604243725353436
[314544][297][912]=30604243725353614
[314545][297][913]=30604243725353616
[314546][297][914]=30604243725353634
[314547][297][915]=30604243725353636
[314548][297][916]=30604243725371414
[314549][297][917]=30604243725371416
[314550][297][918]=30604243725371434
[314551][297][919]=30604243725371436
[314552][297][920]=30604243725371614
[314553][297][921]=30604243725371616
[314554][297][922]=30604243725371634
[314555][297][923]=30604243725371636
[314556][297][924]=30604243725373414
[314557][297][925]=30604243725373416
[314558][297][926]=30604243725373434
[314559][297][927]=30604243725373436
[314560][297][928]=30604243725373614
[314561][297][929]=30604243725373616
[314562][297][930]=30604243725373634
[314563][297][931]=30604243725373636
[315556][298][868]=30604243725151415
[315557][298][869]=30604243725151417
[315558][298][870]=30604243725151435
[315559][298][871]=30604243725151437
[315560][298][872]=30604243725151615
[315561][298][873]=30604243725151617
[315562][298][874]=30604243725151635
[315563][298][875]=30604243725151637
[315564][298][876]=30604243725153415
[315565][298][877]=30604243725153417
[315566][298][878]=30604243725153435
[315567][298][879]=30604243725153437
[315568][298][880]=30604243725153615
[315569][298][881]=30604243725153617
[315570][298][882]=30604243725153635
[315571][298][883]=30604243725153637
[315572][298][884]=30604243725171415
[315573][298][885]=30604243725171417
[315574][298][886]=30604243725171435
[315575][298][887]=30604243725171437
[315576][298][888]=30604243725171615
[315577][298][889]=30604243725171617
[315578][298][890]=30604243725171635
[315579][298][891]=30604243725171637
[315580][298][892]=30604243725173415
[315581][298][893]=30604243725173417
[315582][298][894]=30604243725173435
[315583][298][895]=30604243725173437
[315584][298][896]=30604243725173615
[315585][298][897]=30604243725173617
[315586][298][898]=30604243725173635
[315587][298][899]=30604243725173637
[315588][298][900]=30604243725351415
[315589][298][901]=30604243725351417
[315590][298][902]=30604243725351435
[315591][298][903]=30604243725351437
[315592][298][904]=30604243725351615
[315593][298][905]=30604243725351617
[315594][298][906]=30604243725351635
[315595][298][907]=30604243725351637
[315596][298][908]=30604243725353415
[315597][298][909]=30604243725353417
[315598][298][910]=30604243725353435
[315599][298][911]=30604243725353437
[315600][298][912]=30604243725353615
[315601][298][913]=30604243725353617
[315602][298][914]=30604243725353635
[315603][298][915]=30604243725353637
[315604][298][916]=30604243725371415
[315605][298][917]=30604243725371417
[315606][298][918]=30604243725371435
[315607][298][919]=30604243725371437
[315608][298][920]=30604243725371615
[315609][298][921]=30604243725371617
[315610][298][922]=30604243725371635
[315611][298][923]=30604243725371637
[315612][298][924]=30604243725373415
[315613][298][925]=30604243725373417
[315614][298][926]=30604243725373435
[315615][298][927]=30604243725373437
[315616][298][928]=30604243725373615
[315617][298][929]=30604243725373617
[315618][298][930]=30604243725373635
[315619][298][931]=30604243725373637
[316612][299][868]=30604243725151504
[316613][299][869]=30604243725151506
[316614][299][870]=30604243725151524
[316615][299][871]=30604243725151526
[316616][299][872]=30604243725151704
[316617][299][873]=30604243725151706
[316618][299][874]=30604243725151724
[316619][299][875]=30604243725151726
[316620][299][876]=30604243725153504
[316621][299][877]=30604243725153506
[316622][299][878]=30604243725153524
[316623][299][879]=30604243725153526
[316624][299][880]=30604243725153704
[316625][299][881]=30604243725153706
[316626][299][882]=30604243725153724
[316627][299][883]=30604243725153726
[316628][299][884]=30604243725171504
[316629][299][885]=30604243725171506
[316630][299][886]=30604243725171524
[316631][299][887]=30604243725171526
[316632][299][888]=30604243725171704
[316633][299][889]=30604243725171706
[316634][299][890]=30604243725171724
[316635][299][891]=30604243725171726
[316636][299][892]=30604243725173504
[316637][299][893]=30604243725173506
[316638][299][894]=30604243725173524
[316639][299][895]=30604243725173526
[316640][299][896]=30604243725173704
[316641][299][897]=30604243725173706
[316642][299][898]=30604243725173724
[316643][299][899]=30604243725173726
[316644][299][900]=30604243725351504
[316645][299][901]=30604243725351506
[316646][299][902]=30604243725351524
[316647][299][903]=30604243725351526
[316648][299][904]=30604243725351704
[316649][299][905]=30604243725351706
[316650][299][906]=30604243725351724
[316651][299][907]=30604243725351726
[316652][299][908]=30604243725353504
[316653][299][909]=30604243725353506
[316654][299][910]=30604243725353524
[316655][299][911]=30604243725353526
[316656][299][912]=30604243725353704
[316657][299][913]=30604243725353706
[316658][299][914]=30604243725353724
[316659][299][915]=30604243725353726
[316660][299][916]=30604243725371504
[316661][299][917]=30604243725371506
[316662][299][918]=30604243725371524
[316663][299][919]=30604243725371526
[316664][299][920]=30604243725371704
[316665][299][921]=30604243725371706
[316666][299][922]=30604243725371724
[316667][299][923]=30604243725371726
[316668][299][924]=30604243725373504
[316669][299][925]=30604243725373506
[316670][299][926]=30604243725373524
[316671][299][927]=30604243725373526
[316672][299][928]=30604243725373704
[316673][299][929]=30604243725373706
[316674][299][930]=30604243725373724
[316675][299][931]=30604243725373726
[316676][299][932]=30604243727151504
[316677][299][933]=30604243727151506
[317668][300][868]=30604243725151505
[317669][300][869]=30604243725151507
[317670][300][870]=30604243725151525
[317671][300][871]=30604243725151527
[317672][300][872]=30604243725151705
[317673][300][873]=30604243725151707
[317674][300][874]=30604243725151725
[317675][300][875]=30604243725151727
[317676][300][876]=30604243725153505
[317677][300][877]=30604243725153507
[317678][300][878]=30604243725153525
[317679][300][879]=30604243725153527
[317680][300][880]=30604243725153705
[317681][300][881]=30604243725153707
[317682][300][882]=30604243725153725
[317683][300][883]=30604243725153727
[317684][300][884]=30604243725171505
[317685][300][885]=30604243725171507
[317686][300][886]=30604243725171525
[317687][300][887]=30604243725171527
[317688][300][888]=30604243725171705
[317689][300][889]=30604243725171707
[317690][300][890]=30604243725171725
[317691][300][891]=30604243725171727
[317692][300][892]=30604243725173505
[317693][300][893]=30604243725173507
[317694][300][894]=30604243725173525
[317695][300][895]=30604243725173527
[317696][300][896]=30604243725173705
[317697][300][897]=30604243725173707
[317698][300][898]=30604243725173725
[317699][300][899]=30604243725173727
[317700][300][900]=30604243725351505
[317701][300][901]=30604243725351507
[317702][300][902]=30604243725351525
[317703][300][903]=30604243725351527
[317704][300][904]=30604243725351705
[317705][300][905]=30604243725351707
[317706][300][906]=30604243725351725
[317707][300][907]=30604243725351727
[317708][300][908]=30604243725353505
[317709][300][909]=30604243725353507
[317710][300][910]=30604243725353525
[317711][300][911]=30604243725353527
[317712][300][912]=30604243725353705
[317713][300][913]=30604243725353707
[317714][300][914]=30604243725353725
[317715][300][915]=30604243725353727
[317716][300][916]=30604243725371505
[317717][300][917]=30604243725371507
[317718][300][918]=30604243725371525
[317719][300][919]=30604243725371527
[317720][300][920]=30604243725371705
[317721][300][921]=30604243725371707
[317722][300][922]=30604243725371725
[317723][300][923]=30604243725371727
[317724][300][924]=30604243725373505
[317725][300][925]=30604243725373507
[317726][300][926]=30604243725373525
[317727][300][927]=30604243725373527
[317728][300][928]=30604243725373705
[317729][300][929]=30604243725373707
[317730][300][930]=30604243725373725
[317731][300][931]=30604243725373727
[317732][300][932]=30604243727151505
[317733][300][933]=30604243727151507
[318724][301][868]=30604243725151514
[318725][301][869]=30604243725151516
[318726][301][870]=30604243725151534
[318727][301][871]=30604243725151536
[318728][301][872]=30604243725151714
[318729][301][873]=30604243725151716
[318730][301][874]=30604243725151734
[318731][301][875]=30604243725151736
[318732][301][876]=30604243725153514
[318733][301][877]=30604243725153516
[318734][301][878]=30604243725153534
[318735][301][879]=30604243725153536
[318736][301][880]=30604243725153714
[318737][301][881]=30604243725153716
[318738][301][882]=30604243725153734
[318739][301][883]=30604243725153736
[318740][301][884]=30604243725171514
[318741][301][885]=30604243725171516
[318742][301][886]=30604243725171534
[318743][301][887]=30604243725171536
[318744][301][888]=30604243725171714
[318745][301][889]=30604243725171716
[318746][301][890]=30604243725171734
[318747][301][891]=30604243725171736
[318748][301][892]=30604243725173514
[318749][301][893]=30604243725173516
[318750][301][894]=30604243725173534
[318751][301][895]=30604243725173536
[318752][301][896]=30604243725173714
[318753][301][897]=30604243725173716
[318754][301][898]=30604243725173734
[318755][301][899]=30604243725173736
[318756][301][900]=30604243725351514
[318757][301][901]=30604243725351516
[318758][301][902]=30604243725351534
[318759][301][903]=30604243725351536
[318760][301][904]=30604243725351714
[318761][301][905]=30604243725351716
[318762][301][906]=30604243725351734
[318763][301][907]=30604243725351736
[318764][301][908]=30604243725353514
[318765][301][909]=30604243725353516
[318766][301][910]=30604243725353534
[318767][301][911]=30604243725353536
[318768][301][912]=30604243725353714
[318769][301][913]=30604243725353716
[318770][301][914]=30604243725353734
[318771][301][915]=30604243725353736
[318772][301][916]=30604243725371514
[318773][301][917]=30604243725371516
[318774][301][918]=30604243725371534
[318775][301][919]=30604243725371536
[318776][301][920]=30604243725371714
[318777][301][921]=30604243725371716
[318778][301][922]=30604243725371734
[318779][301][923]=30604243725371736
[318780][301][924]=30604243725373514
[318781][301][925]=30604243725373516
[318782][301][926]=30604243725373534
[318783][301][927]=30604243725373536
[318784][301][928]=30604243725373714
[318785][301][929]=30604243725373716
[318786][301][930]=30604243725373734
[318787][301][931]=30604243725373736
[318788][301][932]=30604243727151514
[318789][301][933]=30604243727151516
[318790][301][934]=30604243727151534
[318791][301][935]=30604243727151536
[319780][302][868]=30604243725151515
[319781][302][869]=30604243725151517
[319782][302][870]=30604243725151535
[319783][302][871]=30604243725151537
[319784][302][872]=30604243725151715
[319785][302][873]=30604243725151717
[319786][302][874]=30604243725151735
[319787][302][875]=30604243725151737
[319788][302][876]=30604243725153515
[319789][302][877]=30604243725153517
[319790][302][878]=30604243725153535
[319791][302][879]=30604243725153537
[319792][302][880]=30604243725153715
[319793][302][881]=30604243725153717
[319794][302][882]=30604243725153735
[319795][302][883]=30604243725153737
[319796][302][884]=30604243725171515
[319797][302][885]=30604243725171517
[319798][302][886]=30604243725171535
[319799][302][887]=30604243725171537
[319800][302][888]=30604243725171715
[319801][302][889]=30604243725171717
[319802][302][890]=30604243725171735
[319803][302][891]=30604243725171737
[319804][302][892]=30604243725173515
[319805][302][893]=30604243725173517
[319806][302][894]=30604243725173535
[319807][302][895]=30604243725173537
[319808][302][896]=30604243725173715
[319809][302][897]=30604243725173717
[319810][302][898]=30604243725173735
[319811][302][899]=30604243725173737
[319812][302][900]=30604243725351515
[319813][302][901]=30604243725351517
[319814][302][902]=30604243725351535
[319815][302][903]=30604243725351537
[319816][302][904]=30604243725351715
[319817][302][905]=30604243725351717
[319818][302][906]=30604243725351735
[319819][302][907]=30604243725351737
[319820][302][908]=30604243725353515
[319821][302][909]=30604243725353517
[319822][302][910]=30604243725353535
[319823][302][911]=30604243725353537
[319824][302][912]=30604243725353715
[319825][302][913]=30604243725353717
[319826][302][914]=30604243725353735
[319827][302][915]=30604243725353737
[319828][302][916]=30604243725371515
[319829][302][917]=30604243725371517
[319830][302][918]=30604243725371535
[319831][302][919]=30604243725371537
[319832][302][920]=30604243725371715
[319833][302][921]=30604243725371717
[319834][302][922]=30604243725371735
[319835][302][923]=30604243725371737
[319836][302][924]=30604243725373515
[319837][302][925]=30604243725373517
[319838][302][926]=30604243725373535
[319839][302][927]=30604243725373537
[319840][302][928]=30604243725373715
[319841][302][929]=30604243725373717
[319842][302][930]=30604243725373735
[319843][302][931]=30604243725373737
[319844][302][932]=30604243727151515
[319845][302][933]=30604243727151517
[319846][302][934]=30604243727151535
[319847][302][935]=30604243727151537
