[191443][159][484]=30604243415150404
[191444][159][485]=30604243415150406
[192644][160][484]=30604243415150405
[192645][160][485]=30604243415150407
[193845][161][484]=30604243415150414
[193846][161][485]=30604243415150416
[193847][161][486]=30604243415150434
[193848][161][487]=30604243415150436
[193849][161][488]=30604243415150614
[193850][161][489]=30604243415150616
[195046][162][484]=30604243415150415
[195047][162][485]=30604243415150417
[195048][162][486]=30604243415150435
[195049][162][487]=30604243415150437
[195050][162][488]=30604243415150615
[195051][162][489]=30604243415150617
[196247][163][484]=30604243415150504
[196248][163][485]=30604243415150506
[196249][163][486]=30604243415150524
[196250][163][487]=30604243415150526
[196251][163][488]=30604243415150704
[196252][163][489]=30604243415150706
[196253][163][490]=30604243415150724
[196254][163][491]=30604243415150726
[197448][164][484]=30604243415150505
[197449][164][485]=30604243415150507
[197450][164][486]=30604243415150525
[197451][164][487]=30604243415150527
[197452][164][488]=30604243415150705
[197453][164][489]=30604243415150707
[197454][164][490]=30604243415150725
[197455][164][491]=30604243415150727
[198649][165][484]=30604243415150514
[198650][165][485]=30604243415150516
[198651][165][486]=30604243415150534
[198652][165][487]=30604243415150536
[198653][165][488]=30604243415150714
[198654][165][489]=30604243415150716
[198655][165][490]=30604243415150734
[198656][165][491]=30604243415150736
[198657][165][492]=30604243415152514
[198658][165][493]=30604243415152516
[198659][165][494]=30604243415152534
[198660][165][495]=30604243415152536
[199850][166][484]=30604243415150515
[199851][166][485]=30604243415150517
[199852][166][486]=30604243415150535
[199853][166][487]=30604243415150537
[199854][166][488]=30604243415150715
[199855][166][489]=30604243415150717
[199856][166][490]=30604243415150735
[199857][166][491]=30604243415150737
[199858][166][492]=30604243415152515
[199859][166][493]=30604243415152517
[199860][166][494]=30604243415152535
[199861][166][495]=30604243415152537
[201051][167][484]=30604243415151404
[201052][167][485]=30604243415151406
[201053][167][486]=30604243415151424
[201054][167][487]=30604243415151426
[201055][167][488]=30604243415151604
[201056][167][489]=30604243415151606
[201057][167][490]=30604243415151624
[201058][167][491]=30604243415151626
[201059][167][492]=30604243415153404
[201060][167][493]=30604243415153406
[201061][167][494]=30604243415153424
[201062][167][495]=30604243415153426
[201063][167][496]=30604243415153604
[201064][167][497]=30604243415153606
[202252][168][484]=30604243415151405
[202253][168][485]=30604243415151407
[202254][168][486]=30604243415151425
[202255][168][487]=30604243415151427
[202256][168][488]=30604243415151605
[202257][168][489]=30604243415151607
[202258][168][490]=30604243415151625
[202259][168][491]=30604243415151627
[202260][168][492]=30604243415153405
[202261][168][493]=30604243415153407
[202262][168][494]=30604243415153425
[202263][168][495]=30604243415153427
[202264][168][496]=30604243415153605
[202265][168][497]=30604243415153607
[203453][169][484]=30604243415151414
[203454][169][485]=30604243415151416
[203455][169][486]=30604243415151434
[203456][169][487]=30604243415151436
[203457][169][488]=30604243415151614
[203458][169][489]=30604243415151616
[203459][169][490]=30604243415151634
[203460][169][491]=30604243415151636
[203461][169][492]=30604243415153414
[203462][169][493]=30604243415153416
[203463][169][494]=30604243415153434
[203464][169][495]=30604243415153436
[203465][169][496]=30604243415153614
[203466][169][497]=30604243415153616
[203467][169][498]=30604243415153634
[203468][169][499]=30604243415153636
[203469][169][500]=30604243415171414
[203470][169][501]=30604243415171416
[204654][170][484]=30604243415151415
[204655][170][485]=30604243415151417
[204656][170][486]=30604243415151435
[204657][170][487]=30604243415151437
[204658][170][488]=30604243415151615
[204659][170][489]=30604243415151617
[204660][170][490]=30604243415151635
[204661][170][491]=30604243415151637
[204662][170][492]=30604243415153415
[204663][170][493]=30604243415153417
[204664][170][494]=30604243415153435
[204665][170][495]=30604243415153437
[204666][170][496]=30604243415153615
[204667][170][497]=30604243415153617
[204668][170][498]=30604243415153635
[204669][170][499]=30604243415153637
[204670][170][500]=30604243415171415
[204671][170][501]=30604243415171417
[205855][171][484]=30604243415151504
[205856][171][485]=30604243415151506
[205857][171][486]=30604243415151524
[205858][171][487]=30604243415151526
[205859][171][488]=30604243415151704
[205860][171][489]=30604243415151706
[205861][171][490]=30604243415151724
[205862][171][491]=30604243415151726
[205863][171][492]=30604243415153504
[205864][171][493]=30604243415153506
[205865][171][494]=30604243415153524
[205866][171][495]=30604243415153526
[205867][171][496]=30604243415153704
[205868][171][497]=30604243415153706
[205869][171][498]=30604243415153724
[205870][171][499]=30604243415153726
[205871][171][500]=30604243415171504
[205872][171][501]=30604243415171506
[205873][171][502]=30604243415171524
[205874][171][503]=30604243415171526
[207056][172][484]=30604243415151505
[207057][172][485]=30604243415151507
[207058][172][486]=30604243415151525
[207059][172][487]=30604243415151527
[207060][172][488]=30604243415151705
[207061][172][489]=30604243415151707
[207062][172][490]=30604243415151725
[207063][172][491]=30604243415151727
[207064][172][492]=30604243415153505
[207065][172][493]=30604243415153507
[207066][172][494]=30604243415153525
[207067][172][495]=30604243415153527
[207068][172][496]=30604243415153705
[207069][172][497]=30604243415153707
[207070][172][498]=30604243415153725
[207071][172][499]=30604243415153727
[207072][172][500]=30604243415171505
[207073][172][501]=30604243415171507
[207074][172][502]=30604243415171525
[207075][172][503]=30604243415171527
[208257][173][484]=30604243415151514
[208258][173][485]=30604243415151516
[208259][173][486]=30604243415151534
[208260][173][487]=30604243415151536
[208261][173][488]=30604243415151714
[208262][173][489]=30604243415151716
[208263][173][490]=30604243415151734
[208264][173][491]=30604243415151736
[208265][173][492]=30604243415153514
[208266][173][493]=30604243415153516
[208267][173][494]=30604243415153534
[208268][173][495]=30604243415153536
[208269][173][496]=30604243415153714
[208270][173][497]=30604243415153716
[208271][173][498]=30604243415153734
[208272][173][499]=30604243415153736
[208273][173][500]=30604243415171514
[208274][173][501]=30604243415171516
[208275][173][502]=30604243415171534
[208276][173][503]=30604243415171536
[208277][173][504]=30604243415171714
[208278][173][505]=30604243415171716
[208279][173][506]=30604243415171734
[208280][173][507]=30604243415171736
[209458][174][484]=30604243415151515
[209459][174][485]=30604243415151517
[209460][174][486]=30604243415151535
[209461][174][487]=30604243415151537
[209462][174][488]=30604243415151715
[209463][174][489]=30604243415151717
[209464][174][490]=30604243415151735
[209465][174][491]=30604243415151737
[209466][174][492]=30604243415153515
[209467][174][493]=30604243415153517
[209468][174][494]=30604243415153535
[209469][174][495]=30604243415153537
[209470][174][496]=30604243415153715
[209471][174][497]=30604243415153717
[209472][174][498]=30604243415153735
[209473][174][499]=30604243415153737
[209474][174][500]=30604243415171515
[209475][174][501]=30604243415171517
[209476][174][502]=30604243415171535
[209477][174][503]=30604243415171537
[209478][174][504]=30604243415171715
[209479][174][505]=30604243415171717
[209480][174][506]=30604243415171735
[209481][174][507]=30604243415171737
