converting from pipe
 53.33241943274692 r.6479.-10683.TST 14 14
6451.-10656 6.360780467247911 53.192741508581534 r.6451.-10656.TST 28 28
5647679348335 r.6298.-10620.TST 41 41
6202.-10613 4.81229356025414 52.71929760105451 r.6202.-10613.TST 55 55
5.-10611.TST 68 68
 52.68370840867971 r.6183.-10610.TST 82 82
4.-10609 4.768168651179253 52.69346212073846 r.6194.-10609.TST 96 96
52.66287885375244 r.6179.-10606.TST 109 109
r.6213.-10606 4.898640386137995 52.70526555577669 r.6213.-10606.TST 110 110
1 4.915403866083087 52.68668655205726 r.6214.-10601.TST 123 123
171191 52.6206661343627 r.6177.-10596.TST 136 136
649625 r.6212.-10593.TST 149 149
749673365 r.6210.-10591.TST 162 162
89.TST 175 175
6192.-10588 4.79840453663971 52.60772141383645 r.6192.-10588.TST 189 189
5184065 52.6062474760786 r.6194.-10587.TST 202 202
3757915 r.6262.-10580.TST 215 215
r.6263.-10580 5.279088582056116 52.66406544780539 r.6263.-10580.TST 216 216
889246292955 52.680034962864575 r.6276.-10580.TST 229 229
4528365473681 r.6251.-10579.TST 242 242
-10579.TST 255 255
.6372.-10579 5.995104888419531 52.793229779351485 r.6372.-10579.TST 269 269
5713022 52.69538316017655 r.6295.-10578.TST 282 282
87 r.6246.-10577.TST 295 295
TST 308 308
11.-10575 5.603415690159176 52.70316109261177 r.6311.-10575.TST 322 322
r.6312.-10575 5.609972133122962 52.70438888155407 r.6312.-10575.TST 323 323
89030407418 52.5941066971775 r.6229.-10573.TST 336 336
0372 r.6321.-10572.TST 349 349
.TST 362 362
.960040491659286 52.734693290341795 r.6363.-10567.TST 389 389
2897 52.699144167300275 r.6337.-10566.TST 402 402
r.6205.-10565.TST 415 415
428 428
r.6203.-10564 4.919587136943902 52.52615023895256 r.6203.-10564.TST 429 429
830491862886354 52.693291960775866 r.6342.-10563.TST 442 442
9227468526355 r.6199.-10561.TST 455 455
559.TST 468 468
r.6354.-10557 5.921070114909219 52.68408418457688 r.6354.-10557.TST 482 482
48543477885166 52.46888762798611 r.6189.-10554.TST 495 495
7275651430592 r.6361.-10552.TST 508 508
10550.TST 521 521
10550.TST 521 521
r.6148.-10549 4.591494902538428 52.397559315865635 r.6148.-10549.TST 536 536
117915 52.39609536712262 r.6150.-10548.TST 549 549
765 r.6150.-10547.TST 562 562
5 575
 4.645344466483339 52.39045633185641 r.6155.-10545.TST 589 589
2.390254736265575 r.6158.-10544.TST 602 602
79 r.6373.-10544.TST 615 615
ST 628 628
541 4.744807813011683 52.39214043996397 r.6169.-10541.TST 642 642
r.6170.-10541 4.751322556522176 52.393394641501665 r.6170.-10541.TST 643 643
893984801317 52.384186008739114 r.6169.-10539.TST 656 656
00856616951 r.6126.-10537.TST 669 669
127.-10536.TST 682 682
695 695
6133.-10534 4.524689915163263 52.31889947634324 r.6133.-10534.TST 709 709
9717954821 52.62907234752462 r.6384.-10534.TST 722 722
2720445 r.6385.-10533.TST 735 735
1.TST 748 748
r.6148.-10531 4.628622816758145 52.32589666310607 r.6148.-10531.TST 749 749
245989579817 52.325715269594774 r.6151.-10530.TST 762 762
2532 52.32679583967014 r.6155.-10529.TST 775 775
556 r.6156.-10528.TST 788 788
1 801
 6.244257869692994 52.59623129447088 r.6393.-10523.TST 815 815
52.2275822558535 r.6108.-10519.TST 828 828
113.-10518.TST 841 841
r.6116.-10517 4.449314372681198 52.229730640349125 r.6116.-10517.TST 855 855
r.6152.-10517 4.6835200999902575 52.27521561980639 r.6152.-10517.TST 856 856
882807303842 52.227010587484635 r.6117.-10516.TST 869 869
.2230275573162 r.6117.-10515.TST 882 882
-10514.TST 895 895
678715527665023 52.256756662712284 r.6150.-10513.TST 922 922
22494571840067 r.6128.-10512.TST 935 935
.6126.-10511.TST 948 948
961
