r.5837.-10228  3.2574418754416  50.7072109674183 [5837.0000,-10228.0000]
r.5838.-10228  3.2638180124345  50.7085447101343 [5838.0000,-10228.0000]
r.5837.-10227  3.2595464936735  50.7031808095706 [5837.0000,-10227.0000]
r.5838.-10227  3.2659221780646  50.7045145094783 [5838.0000,-10227.0000]
r.5837.-10228  3.2574418754416  50.7072109674183 [5837.0000,-10228.0000]
r.5838.-10228  3.2638180124345  50.7085447101343 [5838.0000,-10228.0000]
r.5837.-10227  3.2595464936735  50.7031808095706 [5837.0000,-10227.0000]
r.5838.-10227  3.2659221780646  50.7045145094783 [5838.0000,-10227.0000]
r.5837.-10228  3.2574418754416  50.7072109674183 [5837.0000,-10228.0000]
r.5838.-10228  3.2638180124345  50.7085447101343 [5838.0000,-10228.0000]
r.5837.-10227  3.2595464936735  50.7031808095706 [5837.0000,-10227.0000]
r.5838.-10227  3.2659221780646  50.7045145094783 [5838.0000,-10227.0000]
r.5837.-10228  3.2574418754416  50.7072109674183 [5837.0000,-10228.0000]
r.5838.-10228  3.2638180124345  50.7085447101343 [5838.0000,-10228.0000]
r.5837.-10227  3.2595464936735  50.7031808095706 [5837.0000,-10227.0000]
r.5838.-10227  3.2659221780646  50.7045145094783 [5838.0000,-10227.0000]
r.5837.-10228  3.2574418754416  50.7072109674183 [5837.0000,-10228.0000]
r.5838.-10228  3.2638180124345  50.7085447101343 [5838.0000,-10228.0000]
r.5837.-10227  3.2595464936735  50.7031808095706 [5837.0000,-10227.0000]
r.5838.-10227  3.2659221780646  50.7045145094783 [5838.0000,-10227.0000]
r.5837.-10228  3.2574418754416  50.7072109674183 [5837.0000,-10228.0000]
r.5838.-10228  3.2638180124345  50.7085447101343 [5838.0000,-10228.0000]
r.5837.-10227  3.2595464936735  50.7031808095706 [5837.0000,-10227.0000]
r.5838.-10227  3.2659221780646  50.7045145094783 [5838.0000,-10227.0000]
r.5837.-10228  3.2574418754416  50.7072109674183 [5837.0000,-10228.0000]
r.5838.-10228  3.2638180124345  50.7085447101343 [5838.0000,-10228.0000]
r.5837.-10227  3.2595464936735  50.7031808095706 [5837.0000,-10227.0000]
r.5838.-10227  3.2659221780646  50.7045145094783 [5838.0000,-10227.0000]
r.5837.-10228  3.2574418754416  50.7072109674183 [5837.0000,-10228.0000]
r.5838.-10228  3.2638180124345  50.7085447101343 [5838.0000,-10228.0000]
r.5837.-10227  3.2595464936735  50.7031808095706 [5837.0000,-10227.0000]
r.5838.-10227  3.2659221780646  50.7045145094783 [5838.0000,-10227.0000]
r.5837.-10228  3.2574418754416  50.7072109674183 [5837.0000,-10228.0000]
r.5838.-10228  3.2638180124345  50.7085447101343 [5838.0000,-10228.0000]
r.5837.-10227  3.2595464936735  50.7031808095706 [5837.0000,-10227.0000]
r.5838.-10227  3.2659221780646  50.7045145094783 [5838.0000,-10227.0000]
r.5837.-10228  3.2574418754416  50.7072109674183 [5837.0000,-10228.0000]
r.5838.-10228  3.2638180124345  50.7085447101343 [5838.0000,-10228.0000]
r.5837.-10227  3.2595464936735  50.7031808095706 [5837.0000,-10227.0000]
r.5838.-10227  3.2659221780646  50.7045145094783 [5838.0000,-10227.0000]
r.5837.-10228  3.2574418754416  50.7072109674183 [5837.0000,-10228.0000]
r.5838.-10228  3.2638180124345  50.7085447101343 [5838.0000,-10228.0000]
r.5837.-10227  3.2595464936735  50.7031808095706 [5837.0000,-10227.0000]
r.5838.-10227  3.2659221780646  50.7045145094783 [5838.0000,-10227.0000]
r.5837.-10228  3.2574418754416  50.7072109674183 [5837.0000,-10228.0000]
r.5838.-10228  3.2638180124345  50.7085447101343 [5838.0000,-10228.0000]
r.5837.-10227  3.2595464936735  50.7031808095706 [5837.0000,-10227.0000]
r.5838.-10227  3.2659221780646  50.7045145094783 [5838.0000,-10227.0000]
r.5837.-10228  3.2574418754416  50.7072109674183 [5837.0000,-10228.0000]
r.5838.-10228  3.2638180124345  50.7085447101343 [5838.0000,-10228.0000]
r.5837.-10227  3.2595464936735  50.7031808095706 [5837.0000,-10227.0000]
r.5838.-10227  3.2659221780646  50.7045145094783 [5838.0000,-10227.0000]
r.5837.-10228  3.2574418754416  50.7072109674183 [5837.0000,-10228.0000]
r.5838.-10228  3.2638180124345  50.7085447101343 [5838.0000,-10228.0000]
r.5837.-10227  3.2595464936735  50.7031808095706 [5837.0000,-10227.0000]
r.5838.-10227  3.2659221780646  50.7045145094783 [5838.0000,-10227.0000]
r.5837.-10228  3.2574418754416  50.7072109674183 [5837.0000,-10228.0000]
r.5838.-10228  3.2638180124345  50.7085447101343 [5838.0000,-10228.0000]
r.5837.-10227  3.2595464936735  50.7031808095706 [5837.0000,-10227.0000]
r.5838.-10227  3.2659221780646  50.7045145094783 [5838.0000,-10227.0000]
r.5837.-10228  3.2574418754416  50.7072109674183 [5837.0000,-10228.0000]
r.5838.-10228  3.2638180124345  50.7085447101343 [5838.0000,-10228.0000]
r.5837.-10227  3.2595464936735  50.7031808095706 [5837.0000,-10227.0000]
r.5838.-10227  3.2659221780646  50.7045145094783 [5838.0000,-10227.0000]
  3.2574418754416  50.7072109674183 r.5837.-10228 [5837.0000,-10228.0000]
  3.2638180124345  50.7085447101343 r.5838.-10228 [5838.0000,-10228.0000]
  3.2595464936735  50.7031808095706 r.5837.-10227 [5837.0000,-10227.0000]
  3.2659221780646  50.7045145094783 r.5838.-10227 [5838.0000,-10227.0000]
  3.2574418754416  50.7072109674183 r.5837.-10228 [5837.0000,-10228.0000]
  3.2638180124345  50.7085447101343 r.5838.-10228 [5838.0000,-10228.0000]
  3.2595464936735  50.7031808095706 r.5837.-10227 [5837.0000,-10227.0000]
  3.2659221780646  50.7045145094783 r.5838.-10227 [5838.0000,-10227.0000]
  3.2574418754416  50.7072109674183 r.5837.-10228 [5837.0000,-10228.0000]
  3.2638180124345  50.7085447101343 r.5838.-10228 [5838.0000,-10228.0000]
  3.2595464936735  50.7031808095706 r.5837.-10227 [5837.0000,-10227.0000]
  3.2659221780646  50.7045145094783 r.5838.-10227 [5838.0000,-10227.0000]
  3.2574418754416  50.7072109674183 r.5837.-10228 [5837.0000,-10228.0000]
  3.2638180124345  50.7085447101343 r.5838.-10228 [5838.0000,-10228.0000]
  3.2595464936735  50.7031808095706 r.5837.-10227 [5837.0000,-10227.0000]
  3.2659221780646  50.7045145094783 r.5838.-10227 [5838.0000,-10227.0000]
  3.2574418754416  50.7072109674183 r.5837.-10228 [5837.0000,-10228.0000]
  3.2638180124345  50.7085447101343 r.5838.-10228 [5838.0000,-10228.0000]
  3.2595464936735  50.7031808095706 r.5837.-10227 [5837.0000,-10227.0000]
  3.2659221780646  50.7045145094783 r.5838.-10227 [5838.0000,-10227.0000]
