QUATS=+4,319930e-001 +3,754471e-001 +5,255070e-001 +6,294958e-001 EYE=+2,432290e-001 +1,388884e-002 -1,427775e+000 LOOKAT=+2,432290e-001 +1,388884e-002 -4,427783e+000 TRANSLATION=-7,611058e+000 -1,812798e+002 +4,741846e+001 PERSPECTIVE=+4,500000e+001 +1,777778e+000 +1,000000e-002 +1,000000e+002 BMIN=-2,701453e+001 -5,253860e+003 -4,275375e+003 BMAX=+4,223663e+001 +5,607979e+003 +3,972593e+003 FRUSTUM=1
MATRIX=+1,657637e-001 -3,372279e-001 +9,267154e-001 +0,000000e+000 +9,859899e-001 +7,444882e-002 -1,492754e-001 +0,000000e+000 -1,865402e-002 +9,384757e-001 +3,448431e-001 +0,000000e+000 +0,000000e+000 +0,000000e+000 +0,000000e+000 +1,000000e+000 +0,000000e+000
QUATS=+4,319930e-001 +3,754471e-001 +5,255070e-001 +6,294958e-001 EYE=+2,432290e-001 +1,388884e-002 -1,427775e+000 LOOKAT=+2,432290e-001 +1,388884e-002 -4,427783e+000 TRANSLATION=-7,611058e+000 -1,812798e+002 +4,741846e+001 PERSPECTIVE=+4,500000e+001 +1,777778e+000 +1,000000e-002 +1,000000e+002 BMIN=-2,701453e+001 -5,253860e+003 -4,275375e+003 BMAX=+4,223663e+001 +5,607979e+003 +3,972593e+003 FRUSTUM=1
MATRIX=+1,657637e-001 -3,372279e-001 +9,267154e-001 +0,000000e+000 +9,859899e-001 +7,444882e-002 -1,492754e-001 +0,000000e+000 -1,865402e-002 +9,384757e-001 +3,448431e-001 +0,000000e+000 +0,000000e+000 +0,000000e+000 +0,000000e+000 +1,000000e+000 +0,000000e+000
QUATS=+4,319930e-001 +3,754471e-001 +5,255070e-001 +6,294958e-001 EYE=+2,432290e-001 +1,388884e-002 -1,427775e+000 LOOKAT=+2,432290e-001 +1,388884e-002 -4,427783e+000 TRANSLATION=-7,611058e+000 -1,812798e+002 +4,741846e+001 PERSPECTIVE=+4,500000e+001 +1,777778e+000 +1,000000e-002 +1,000000e+002 BMIN=-2,701453e+001 -5,253860e+003 -4,275375e+003 BMAX=+4,223663e+001 +5,607979e+003 +3,972593e+003 FRUSTUM=1
MATRIX=+1,657637e-001 -3,372279e-001 +9,267154e-001 +0,000000e+000 +9,859899e-001 +7,444882e-002 -1,492754e-001 +0,000000e+000 -1,865402e-002 +9,384757e-001 +3,448431e-001 +0,000000e+000 +0,000000e+000 +0,000000e+000 +0,000000e+000 +1,000000e+000 +0,000000e+000
QUATS=+4,319930e-001 +3,754471e-001 +5,255070e-001 +6,294958e-001 EYE=+2,432290e-001 +1,388884e-002 -1,427775e+000 LOOKAT=+2,432290e-001 +1,388884e-002 -4,427783e+000 TRANSLATION=-7,611058e+000 -1,812798e+002 +4,741846e+001 PERSPECTIVE=+4,500000e+001 +1,777778e+000 +1,000000e-002 +1,000000e+002 BMIN=-2,701453e+001 -5,253860e+003 -4,275375e+003 BMAX=+4,223663e+001 +5,607979e+003 +3,972593e+003 FRUSTUM=1
MATRIX=+1,657637e-001 -3,372279e-001 +9,267154e-001 +0,000000e+000 +9,859899e-001 +7,444882e-002 -1,492754e-001 +0,000000e+000 -1,865402e-002 +9,384757e-001 +3,448431e-001 +0,000000e+000 +0,000000e+000 +0,000000e+000 +0,000000e+000 +1,000000e+000 +0,000000e+000
QUATS=+4,319930e-001 +3,754471e-001 +5,255070e-001 +6,294958e-001 EYE=+2,432290e-001 +1,388884e-002 -1,427775e+000 LOOKAT=+2,432290e-001 +1,388884e-002 -4,427783e+000 TRANSLATION=-7,611058e+000 -1,812798e+002 +4,741846e+001 PERSPECTIVE=+4,500000e+001 +1,777778e+000 +1,000000e-002 +1,000000e+002 BMIN=-2,701453e+001 -5,253860e+003 -4,275375e+003 BMAX=+4,223663e+001 +5,607979e+003 +3,972593e+003 FRUSTUM=1
MATRIX=+1,657637e-001 -3,372279e-001 +9,267154e-001 +0,000000e+000 +9,859899e-001 +7,444882e-002 -1,492754e-001 +0,000000e+000 -1,865402e-002 +9,384757e-001 +3,448431e-001 +0,000000e+000 +0,000000e+000 +0,000000e+000 +0,000000e+000 +1,000000e+000 +0,000000e+000
