QUATS=-3,626761e-002 +2,664880e-001 +7,083274e-002 +9,605476e-001 EYE=+0,000000e+000 +0,000000e+000 +3,000000e+000 LOOKAT=+0,000000e+000 +0,000000e+000 +0,000000e+000 TRANSLATION=+1,300375e+000 -1,620798e+000 -1,012185e+000 PERSPECTIVE=+4,500000e+001 +1,777778e+000 +1,000000e-002 +1,000000e+002
QUATS=-3,626761e-002 +2,664880e-001 +7,083274e-002 +9,605476e-001 EYE=+0,000000e+000 +0,000000e+000 +1,622222e+000 LOOKAT=+0,000000e+000 +0,000000e+000 -1,377778e+000 TRANSLATION=+1,300375e+000 -1,620798e+000 -1,012185e+000 PERSPECTIVE=+4,500000e+001 +1,777778e+000 +1,000000e-002 +1,000000e+002
QUATS=+1,701798e-001 +2,810933e-001 +7,231161e-001 +6,075594e-001 EYE=+0,000000e+000 +0,000000e+000 +1,622222e+000 LOOKAT=+0,000000e+000 +0,000000e+000 -1,377778e+000 TRANSLATION=+1,300375e+000 -1,620798e+000 -1,012185e+000 PERSPECTIVE=+4,500000e+001 +1,777778e+000 +1,000000e-002 +1,000000e+002
QUATS=+3,520494e-001 -5,265830e-002 +9,334285e-001 -4,471666e-002 EYE=+0,000000e+000 +0,000000e+000 +1,622222e+000 LOOKAT=+0,000000e+000 +0,000000e+000 -1,377778e+000 TRANSLATION=+1,300375e+000 -1,620798e+000 -1,012185e+000 PERSPECTIVE=+4,500000e+001 +1,777778e+000 +1,000000e-002 +1,000000e+002
QUATS=-2,413996e-002 -1,076680e-001 +5,703990e-001 -8,139216e-001 EYE=-4,479166e-002 -3,351854e-001 +4,555550e-001 LOOKAT=-4,479166e-002 -3,351854e-001 -2,544445e+000 TRANSLATION=+1,300375e+000 -1,620798e+000 -1,012185e+000 PERSPECTIVE=+4,500000e+001 +1,777778e+000 +1,000000e-002 +1,000000e+002
QUATS=-4,929628e-002 +2,305826e-001 +7,407924e-001 -6,289890e-001 EYE=+1,229167e-001 -3,407410e-001 +7,629625e-001 LOOKAT=+1,229167e-001 -3,407410e-001 -2,237038e+000 TRANSLATION=+1,300375e+000 -1,620798e+000 -1,012185e+000 PERSPECTIVE=+4,500000e+001 +1,777778e+000 +1,000000e-002 +1,000000e+002
QUATS=-2,200903e-002 +2,486105e-001 +8,072264e-001 -5,348768e-001 EYE=+3,072913e-001 -1,722223e-001 +4,777773e-001 LOOKAT=+3,072913e-001 -1,722223e-001 -2,522223e+000 TRANSLATION=+1,300375e+000 -1,620798e+000 -1,012185e+000 PERSPECTIVE=+4,500000e+001 +1,777778e+000 +1,000000e-002 +1,000000e+002
QUATS=+3,480116e-001 +3,695162e-001 +8,614483e-001 +1,589769e-002 EYE=+7,812469e-002 -1,092594e-001 +9,925921e-001 LOOKAT=+7,812469e-002 -1,092594e-001 -2,007408e+000 TRANSLATION=+1,300375e+000 -1,620798e+000 -1,012185e+000 PERSPECTIVE=+4,500000e+001 +1,777778e+000 +1,000000e-002 +1,000000e+002
QUATS=+4,261150e-001 +5,974550e-001 +5,769833e-001 +3,585589e-001 EYE=-2,916671e-001 -7,592603e-002 +9,925921e-001 LOOKAT=-2,916671e-001 -7,592603e-002 -2,007408e+000 TRANSLATION=+1,300375e+000 -1,620798e+000 -1,012185e+000 PERSPECTIVE=+4,500000e+001 +1,777778e+000 +1,000000e-002 +1,000000e+002
QUATS=+3,914608e-001 +3,474248e-001 +1,947037e-001 +8,295447e-001 EYE=-4,760421e-001 -1,907409e-001 +6,752402e-001 LOOKAT=-4,760421e-001 -1,907409e-001 +1,481481e-001 TRANSLATION=+1,300375e+000 -1,620798e+000 -1,012185e+000 PERSPECTIVE=+7,000000e+001 +1,777778e+000 +1,000000e-002 +1,000000e+002
QUATS=+4,831089e-001 +4,353490e-001 +2,902192e-001 +7,020328e-001 EYE=-4,760421e-001 -1,907409e-001 +1,028698e+000 LOOKAT=-4,760421e-001 -1,907409e-001 -3,629629e-001 TRANSLATION=+1,300375e+000 -1,620798e+000 -1,012185e+000 PERSPECTIVE=+4,100000e+001 +1,777778e+000 +1,000000e-002 +1,000000e+002
QUATS=-1,073014e-001 +3,892509e-001 -1,650071e-002 +9,147120e-001 EYE=+0,000000e+000 +0,000000e+000 +3,000000e+000 LOOKAT=+0,000000e+000 +0,000000e+000 +0,000000e+000 TRANSLATION=+1,300375e+000 -1,620798e+000 -1,012185e+000 PERSPECTIVE=+4,500000e+001 +1,777778e+000 +1,000000e-002 +1,000000e+002
QUATS=-8,729390e-002 +2,289433e-001 -1,208053e-002 +9,694425e-001 EYE=+0,000000e+000 +0,000000e+000 +2,111111e+000 LOOKAT=+0,000000e+000 +0,000000e+000 -8,888890e-001 TRANSLATION=+1,300375e+000 -1,620798e+000 -1,012185e+000 PERSPECTIVE=+4,500000e+001 +1,777778e+000 +1,000000e-002 +1,000000e+002
QUATS=+3,109382e-001 +3,275287e-001 -2,666138e-002 +8,918136e-001 EYE=+0,000000e+000 +0,000000e+000 +2,111111e+000 LOOKAT=+0,000000e+000 +0,000000e+000 -8,888890e-001 TRANSLATION=+1,300375e+000 -1,620798e+000 -1,012185e+000 PERSPECTIVE=+4,500000e+001 +1,777778e+000 +1,000000e-002 +1,000000e+002
QUATS=+3,109382e-001 +3,275287e-001 -2,666138e-002 +8,918136e-001 EYE=+0,000000e+000 +0,000000e+000 +1,144444e+000 LOOKAT=+0,000000e+000 +0,000000e+000 -1,855556e+000 TRANSLATION=+1,300375e+000 -1,620798e+000 -1,012185e+000 PERSPECTIVE=+4,500000e+001 +1,777778e+000 +1,000000e-002 +1,000000e+002
