QUATS=+0,000000e+000 +0,000000e+000 +0,000000e+000 +1,000000e+000 EYE=-1,250000e-002 -1,870371e-001 +1,840741e+000 LOOKAT=-1,250000e-002 -1,870371e-001 -1,159259e+000 TRANSLATION=-6,073169e+001 +2,992253e+002 +1,040342e+004 PERSPECTIVE=+4,500000e+001 +1,777778e+000 +1,000000e-002 +1,000000e+002 BMIN=-1,128687e+001 -7,215074e+002 -1,086178e+004 BMAX=+1,327502e+002 +1,230569e+002 -9,945073e+003 FRUSTUM=0
MATRIX=+1,000000e+000 +0,000000e+000 +0,000000e+000 +0,000000e+000 +0,000000e+000 +1,000000e+000 +0,000000e+000 +0,000000e+000 +0,000000e+000 +0,000000e+000 +1,000000e+000 +0,000000e+000 +0,000000e+000 +0,000000e+000 +0,000000e+000 +1,000000e+000 -8,663044e-002
QUATS=+0,000000e+000 +0,000000e+000 +0,000000e+000 +1,000000e+000 EYE=-1,250000e-002 -1,870371e-001 +1,840741e+000 LOOKAT=-1,250000e-002 -1,870371e-001 -1,159259e+000 TRANSLATION=-6,073169e+001 +2,992253e+002 +1,040342e+004 PERSPECTIVE=+4,500000e+001 +1,777778e+000 +1,000000e-002 +1,000000e+002 BMIN=-1,128687e+001 -7,215074e+002 -1,086178e+004 BMAX=+1,327502e+002 +1,230569e+002 -9,945073e+003 FRUSTUM=0
MATRIX=+1,000000e+000 +0,000000e+000 +0,000000e+000 +0,000000e+000 +0,000000e+000 +1,000000e+000 +0,000000e+000 +0,000000e+000 +0,000000e+000 +0,000000e+000 +1,000000e+000 +0,000000e+000 +0,000000e+000 +0,000000e+000 +0,000000e+000 +1,000000e+000 +8,467502e+001
QUATS=+0,000000e+000 +0,000000e+000 +0,000000e+000 +1,000000e+000 EYE=-1,250000e-002 -1,870371e-001 +1,355555e+000 LOOKAT=-1,250000e-002 -1,870371e-001 -1,644445e+000 TRANSLATION=-6,073169e+001 +2,992253e+002 +1,040342e+004 PERSPECTIVE=+4,500000e+001 +1,777778e+000 +1,000000e-002 +1,000000e+002 BMIN=-1,128687e+001 -7,215074e+002 -1,086178e+004 BMAX=+1,327502e+002 +1,230569e+002 -9,945073e+003 FRUSTUM=0
MATRIX=+1,000000e+000 +0,000000e+000 +0,000000e+000 +0,000000e+000 +0,000000e+000 +1,000000e+000 +0,000000e+000 +0,000000e+000 +0,000000e+000 +0,000000e+000 +1,000000e+000 +0,000000e+000 +0,000000e+000 +0,000000e+000 +0,000000e+000 +1,000000e+000 +1,792833e+002
QUATS=+0,000000e+000 +0,000000e+000 +0,000000e+000 +1,000000e+000 EYE=-1,250000e-002 -1,870371e-001 +1,355555e+000 LOOKAT=-1,250000e-002 -1,870371e-001 -1,644445e+000 TRANSLATION=-6,073169e+001 +2,992253e+002 +1,040342e+004 PERSPECTIVE=+4,500000e+001 +1,777778e+000 +1,000000e-002 +1,000000e+002 BMIN=-1,128687e+001 -7,215074e+002 -1,086178e+004 BMAX=+1,327502e+002 +1,230569e+002 -9,945073e+003 FRUSTUM=0
MATRIX=+1,000000e+000 +0,000000e+000 +0,000000e+000 +0,000000e+000 +0,000000e+000 +1,000000e+000 +0,000000e+000 +0,000000e+000 +0,000000e+000 +0,000000e+000 +1,000000e+000 +0,000000e+000 +0,000000e+000 +0,000000e+000 +0,000000e+000 +1,000000e+000 -9,459666e+001
QUATS=+0,000000e+000 +0,000000e+000 +0,000000e+000 +1,000000e+000 EYE=-1,250000e-002 -1,870371e-001 +1,355555e+000 LOOKAT=-1,250000e-002 -1,870371e-001 -1,644445e+000 TRANSLATION=-6,073169e+001 +2,992253e+002 +1,040342e+004 PERSPECTIVE=+4,500000e+001 +1,777778e+000 +1,000000e-002 +1,000000e+002 BMIN=-1,128687e+001 -7,215074e+002 -1,086178e+004 BMAX=+1,327502e+002 +1,230569e+002 -9,945073e+003 FRUSTUM=0
MATRIX=+1,000000e+000 +0,000000e+000 +0,000000e+000 +0,000000e+000 +0,000000e+000 +1,000000e+000 +0,000000e+000 +0,000000e+000 +0,000000e+000 +0,000000e+000 +1,000000e+000 +0,000000e+000 +0,000000e+000 +0,000000e+000 +0,000000e+000 +1,000000e+000 +3,531739e+000
